388
57
255 255 255 255 255 255 255 255 255 254 254 255 255 255 252 255 255 255 251 253 255 255 192 140 102 67 32 16 7 5 19 39 76 109 147 209 255 255 254 255 255 252 255 253 252 255 255 252 255 255 254 252 254 255 255 254 255
255 255 255 255 255 255 255 255 249 255 255 250 248 255 252 254 255 253 254 167 76 10 0 6 0 1 2 2 3 3 1 0 0 4 5 0 18 96 191 251 252 255 255 253 255 255 251 255 255 255 255 255 255 255 255 254 255
255 255 255 255 255 255 255 255 255 254 252 255 254 255 250 255 226 127 24 0 4 2 0 0 0 0 0 0 0 0 1 3 1 0 0 2 6 0 0 43 146 240 253 255 255 255 249 255 255 255 255 255 255 254 254 255 255
255 255 255 255 255 255 255 255 255 255 248 255 255 247 244 112 6 0 1 3 0 7 32 100 145 182 219 237 247 250 233 209 174 141 85 22 0 2 1 0 3 13 149 247 248 255 255 253 255 254 254 255 255 254 254 255 255
255 255 255 255 255 255 255 255 249 255 255 255 253 166 24 2 2 1 0 34 138 210 255 254 255 253 252 254 254 252 253 255 252 255 255 255 207 103 22 0 0 7 0 51 202 248 255 255 255 255 253 254 255 255 255 255 255
255 255 255 255 255 255 255 255 255 254 254 244 93 0 3 0 0 63 181 250 255 255 255 251 254 255 255 254 254 255 255 251 255 253 253 255 251 255 240 154 35 0 0 0 4 140 255 249 255 255 255 255 255 255 255 254 255
255 255 255 255 255 255 255 255 247 255 218 45 5 0 0 27 167 252 252 250 255 255 249 255 255 252 252 255 255 254 254 255 255 254 255 255 249 250 255 255 249 148 13 2 0 3 78 240 248 255 255 255 254 255 255 254 255
255 255 255 255 255 255 255 255 255 198 24 0 3 0 105 246 255 253 255 255 255 250 255 251 254 255 255 255 253 254 255 255 254 251 255 254 255 255 251 254 253 255 227 62 2 0 0 49 237 249 255 255 253 255 255 255 255
254 255 252 254 255 254 255 255 205 14 5 0 11 160 255 255 255 255 255 255 255 255 255 255 255 255 255 255 255 255 255 255 255 255 255 255 255 255 255 255 255 255 255 249 123 0 0 2 40 233 252 255 254 252 252 255 255
255 252 255 254 251 255 255 215 17 4 0 25 203 255 249 253 255 255 255 255 255 255 255 255 255 255 255 255 255 255 255 255 255 255 255 255 255 255 255 255 255 247 255 251 252 164 12 0 2 48 246 245 255 255 254 253 255
255 255 255 254 255 255 237 47 3 0 18 208 254 255 253 255 255 255 255 255 255 255 255 255 255 255 255 255 255 255 255 255 255 255 255 255 255 255 255 255 255 255 255 255 255 255 173 4 0 1 81 253 255 251 255 255 255
252 254 252 251 255 248 97 0 6 6 207 255 255 251 255 252 255 255 255 255 255 255 255 255 255 255 255 255 255 255 255 255 255 255 255 255 255 255 255 255 255 255 248 255 249 255 251 163 0 2 1 152 255 252 255 251 255
255 249 255 254 255 160 0 0 0 166 255 253 255 251 252 255 255 255 255 255 255 255 255 255 255 255 255 255 255 255 255 255 255 255 255 255 255 255 255 255 253 252 255 253 255 255 255 255 113 0 0 2 202 255 255 255 255
252 255 249 255 238 20 0 5 107 255 249 255 251 255 254 255 255 255 255 255 255 255 255 255 255 255 255 255 255 255 255 255 255 255 255 255 255 255 255 255 254 255 251 255 255 250 250 255 248 65 0 1 57 248 253 255 255
255 255 248 255 108 0 3 33 245 255 255 253 254 254 253 255 255 255 255 255 255 255 255 255 255 255 255 255 255 255 255 255 255 255 255 255 255 255 255 255 255 252 255 255 248 255 255 255 255 221 10 0 2 153 255 248 255
254 255 255 223 0 0 2 182 254 255 253 255 252 255 250 255 255 255 255 255 255 255 255 255 255 255 255 255 255 255 255 255 255 255 255 255 255 255 255 255 251 255 250 255 255 251 255 251 255 251 134 0 0 30 249 255 255
255 249 255 114 2 2 64 255 255 255 255 255 255 255 255 255 255 255 255 255 255 255 255 255 255 255 255 255 255 255 255 255 255 255 255 255 255 255 255 255 255 255 255 255 255 255 255 255 255 255 239 31 3 0 161 255 255
254 255 240 13 0 0 193 255 255 255 255 255 255 255 255 255 255 255 255 255 255 255 255 255 255 255 255 255 255 255 255 255 255 255 255 255 255 255 255 255 255 255 255 255 255 255 255 255 255 255 255 137 0 0 66 246 255
253 255 152 1 1 49 248 255 255 255 255 255 255 255 255 255 255 255 255 255 255 255 255 255 255 255 255 255 255 255 255 255 255 255 255 255 255 255 255 255 255 255 255 255 255 255 255 255 255 252 255 230 14 2 0 205 255
255 254 67 0 4 143 255 253 255 255 255 255 255 255 255 255 255 255 255 255 255 255 255 255 255 255 255 255 255 255 255 255 255 255 255 255 255 255 255 255 255 255 255 255 255 255 255 255 254 255 255 253 93 0 0 122 255
254 236 7 0 2 232 255 255 255 255 255 255 255 255 255 255 255 255 255 255 255 255 255 255 255 255 255 255 255 255 255 255 255 255 255 255 255 255 255 255 255 255 255 255 255 255 255 255 255 255 255 250 190 0 3 36 255
255 175 0 0 63 248 255 252 255 255 255 255 255 255 255 255 255 255 255 255 255 255 255 255 255 255 255 255 255 255 255 255 255 255 255 255 255 255 255 255 255 255 255 255 255 255 255 255 255 250 255 250 244 13 0 5 229
255 124 0 6 111 255 255 251 255 255 255 255 255 255 255 255 255 255 255 255 255 255 255 255 255 255 255 255 255 255 255 255 255 255 255 255 255 255 255 255 255 255 255 255 255 255 255 255 255 249 255 254 255 65 0 5 172
255 72 4 0 168 253 251 255 255 255 255 255 255 255 255 255 255 255 255 255 255 255 255 255 255 255 255 255 255 255 255 255 255 255 255 255 255 255 255 255 255 255 255 255 255 255 255 255 255 255 253 255 255 115 4 0 135
255 43 0 1 201 255 252 255 255 255 255 255 255 255 255 255 255 255 255 255 255 255 255 255 255 255 255 255 255 255 255 255 255 255 255 255 255 255 255 255 255 255 255 255 255 255 255 255 255 253 255 255 254 151 0 0 101
253 18 0 0 234 254 255 255 255 255 255 255 255 255 255 255 255 255 255 255 255 255 255 255 255 255 255 255 255 255 255 255 255 255 255 255 255 255 255 255 255 255 255 255 255 255 255 255 255 254 254 255 255 178 1 0 66
246 0 0 5 255 252 255 255 255 255 255 255 255 255 255 255 255 255 255 255 255 255 255 255 255 255 255 255 255 255 255 255 255 255 255 255 255 255 255 255 255 255 255 255 255 255 255 255 255 255 252 255 255 207 1 1 43
238 0 1 13 255 254 255 254 255 255 255 255 255 255 255 255 255 255 255 255 255 255 255 255 255 255 255 255 255 255 255 255 255 255 255 255 255 255 255 255 255 255 255 255 255 255 255 255 253 255 254 255 252 222 0 1 38
238 0 1 13 255 254 255 254 255 255 255 255 255 255 255 255 255 255 255 255 255 255 255 255 255 255 255 255 255 255 255 255 255 255 255 255 255 255 255 255 255 255 255 255 255 255 255 255 253 255 254 255 252 222 0 1 38
246 0 0 5 255 252 255 255 255 255 255 255 255 255 255 255 255 255 255 255 255 255 255 255 255 255 255 255 255 255 255 255 255 255 255 255 255 255 255 255 255 255 255 255 255 255 255 255 255 255 252 255 255 207 1 1 43
253 18 0 0 234 254 255 255 255 255 255 255 255 255 255 255 255 255 255 255 255 255 255 255 255 255 255 255 255 255 255 255 255 255 255 255 255 255 255 255 255 255 255 255 255 255 255 255 255 254 254 255 255 178 1 0 66
255 43 0 1 201 255 252 255 255 255 255 255 255 255 255 255 255 255 255 255 255 255 255 255 255 255 255 255 255 255 255 255 255 255 255 255 255 255 255 255 255 255 255 255 255 255 255 255 255 253 255 255 254 151 0 0 101
255 78 2 0 166 249 255 255 255 255 255 255 255 255 255 255 255 255 255 255 255 255 255 255 255 255 255 255 255 255 255 255 255 255 255 255 255 255 255 255 255 255 255 255 255 255 255 255 255 255 255 252 255 111 8 0 135
250 119 1 6 111 255 255 252 255 255 255 255 255 255 255 255 255 255 255 255 255 255 255 255 255 255 255 255 255 255 255 255 255 255 255 255 255 255 255 255 255 255 255 255 255 255 255 255 255 249 255 252 255 63 0 5 172
255 175 2 0 57 250 255 255 255 255 255 255 255 255 255 255 255 255 255 255 255 255 255 255 255 255 255 255 255 255 255 255 255 255 255 255 255 255 255 255 255 255 255 255 255 255 255 255 255 250 255 253 243 14 0 5 229
254 243 7 0 3 227 255 251 255 255 255 255 255 255 255 255 255 255 255 255 255 255 255 255 255 255 255 255 255 255 255 255 255 255 255 255 255 255 255 255 255 255 255 255 255 255 255 255 255 255 254 255 187 0 0 38 255
251 255 65 0 7 141 255 251 255 255 255 255 255 255 255 255 255 255 255 255 255 255 255 255 255 255 255 255 255 255 255 255 255 255 255 255 255 255 255 255 255 255 255 255 255 255 255 255 255 255 250 255 89 3 0 126 255
255 254 155 0 0 51 246 255 255 255 255 255 255 255 255 255 255 255 255 255 255 255 255 255 255 255 255 255 255 255 255 255 255 255 255 255 255 255 255 255 255 255 255 255 255 255 255 255 255 253 255 230 11 3 0 208 255
255 255 247 16 0 2 186 253 255 255 255 255 255 255 255 255 255 255 255 255 255 255 255 255 255 255 255 255 255 255 255 255 255 255 255 255 255 255 255 255 255 255 255 255 255 255 255 255 255 254 255 134 0 0 69 246 255
255 251 254 115 3 0 69 255 255 255 255 255 255 255 255 255 255 255 255 255 255 255 255 255 255 255 255 255 255 255 255 255 255 255 255 255 255 255 255 255 255 255 255 255 255 255 255 255 254 255 242 25 7 0 166 255 255
253 255 255 224 0 0 3 182 255 253 254 255 250 255 254 255 255 255 255 255 255 255 255 255 255 255 255 255 255 255 255 255 255 255 255 255 255 255 255 255 252 255 251 255 255 252 255 252 255 251 133 0 0 30 249 255 255
255 255 249 255 109 0 3 33 246 255 255 254 253 254 254 255 255 255 255 255 255 255 255 255 255 255 255 255 255 255 255 255 255 255 255 255 255 255 255 255 255 252 255 255 248 255 255 255 255 220 9 0 3 155 255 248 255
254 255 250 255 238 20 0 4 106 255 249 255 252 255 252 255 255 255 255 255 255 255 255 255 255 255 255 255 255 255 255 255 255 255 255 255 255 255 255 255 254 255 252 255 255 250 250 255 244 63 0 3 60 251 255 255 255
255 250 255 254 255 159 0 0 0 168 255 251 255 251 249 255 255 255 255 255 255 255 255 255 255 255 255 255 255 255 255 255 255 255 255 255 255 255 255 255 252 252 255 254 255 255 255 255 110 0 0 3 205 255 255 255 255
252 254 252 250 255 249 98 1 3 8 206 255 255 252 255 255 255 255 255 255 255 255 255 255 255 255 255 255 255 255 255 255 255 255 255 255 255 255 255 255 255 255 248 255 249 255 250 162 0 2 2 153 255 253 255 252 255
255 255 255 254 255 255 238 49 2 0 18 207 254 255 254 255 255 255 255 255 255 255 255 255 255 255 255 255 255 255 255 255 255 255 255 255 255 255 255 255 255 255 255 255 255 254 172 3 0 3 82 254 255 250 255 255 255
255 252 255 255 252 255 255 216 19 4 0 24 200 254 250 254 255 255 255 255 255 255 255 255 255 255 255 255 255 255 255 255 255 255 255 255 255 255 255 255 255 248 255 250 252 163 11 0 3 50 247 246 255 255 254 253 255
255 255 253 255 255 254 255 255 209 13 5 0 5 156 255 255 255 255 255 255 255 255 255 255 255 255 255 255 255 255 255 255 255 255 255 255 255 255 255 255 255 255 255 248 122 0 0 1 40 234 254 255 255 252 252 255 255
255 255 255 255 255 255 255 255 255 200 27 0 0 0 103 241 255 253 255 255 255 248 255 252 255 255 255 255 254 254 255 254 255 255 255 252 255 255 250 255 251 255 227 60 4 0 0 52 239 248 255 255 254 255 255 255 255
255 255 255 255 255 255 255 255 250 255 218 49 9 0 0 27 162 252 254 251 255 255 250 255 255 251 251 255 255 254 254 255 253 251 255 255 253 252 255 255 251 144 12 3 0 5 82 238 249 254 255 255 255 255 255 254 255
255 255 255 255 255 255 255 255 255 254 253 248 98 0 2 1 7 59 172 246 255 255 255 253 254 255 255 253 254 255 255 251 255 255 255 255 253 255 235 148 34 0 0 0 1 138 255 251 255 255 255 254 255 255 255 254 255
255 255 255 255 255 255 255 255 248 255 255 255 253 170 27 1 0 2 0 32 131 207 255 253 255 254 253 255 255 253 254 255 255 255 253 247 201 101 24 1 0 10 0 47 207 252 255 255 255 255 254 253 254 255 255 255 255
255 255 255 255 255 255 255 255 255 255 251 255 255 249 246 111 9 0 0 5 0 4 27 98 142 179 215 232 243 246 228 202 167 137 84 23 0 4 0 0 1 18 153 248 249 253 253 255 254 255 255 254 254 255 255 255 255
255 255 255 255 255 255 255 255 255 253 252 255 255 255 249 255 228 133 27 0 0 2 3 0 1 2 2 0 0 0 1 2 2 0 0 1 7 0 0 43 152 238 253 255 255 255 252 253 255 255 255 255 255 254 255 255 255
255 255 255 255 255 255 255 255 251 254 255 252 250 255 251 255 255 251 252 171 83 15 0 3 0 0 0 0 1 1 0 0 0 3 5 0 21 99 194 255 252 255 255 255 255 253 253 255 255 255 255 255 255 255 255 255 255
255 255 255 255 255 255 255 255 255 255 255 252 255 255 254 253 253 255 253 253 255 253 194 143 106 70 35 19 12 10 24 43 79 113 149 210 255 255 253 255 255 254 255 250 255 255 254 254 255 254 253 254 255 255 255 255 255
255 255 255 255 255 255 255 255 255 255 255 255 255 255 255 255 255 255 255 255 255 255 255 255 255 255 255 255 255 255 255 255 255 255 255 255 255 255 255 255 255 255 255 255 255 255 255 255 255 255 255 255 255 255 255 255 255
255 255 255 255 255 255 255 255 255 255 255 255 255 255 255 255 255 255 255 255 255 255 255 255 255 255 255 255 255 255 255 255 255 255 255 255 255 255 255 255 255 255 255 255 255 255 255 255 255 255 255 255 255 255 255 255 255
255 255 255 255 255 255 255 255 255 255 255 255 255 255 255 255 255 255 255 255 255 255 255 255 255 255 255 255 255 255 255 255 255 255 255 255 255 255 255 255 255 255 255 255 255 255 255 255 255 255 255 255 255 255 255 255 255
255 255 255 255 255 255 255 255 255 255 255 255 255 255 255 255 255 255 255 255 255 255 255 255 255 255 255 255 255 255 255 255 255 255 255 255 255 255 255 255 255 255 255 255 255 255 255 255 255 255 255 255 255 255 255 255 255
255 255 255 255 255 255 255 255 255 255 255 255 255 255 255 255 255 255 255 255 255 255 255 255 255 255 255 255 255 255 255 255 255 255 255 255 255 255 255 255 255 255 255 255 255 255 255 255 255 255 255 255 255 255 255 255 255
255 255 255 255 255 255 255 255 255 255 255 255 255 255 255 255 255 255 255 255 255 255 255 255 255 255 255 255 255 255 255 255 255 255 255 255 255 255 255 255 255 255 255 255 255 255 255 255 255 255 255 255 255 255 255 255 255
255 255 255 255 255 255 255 255 255 255 255 255 255 255 255 255 255 255 255 255 255 255 255 255 255 255 255 255 255 255 255 255 255 255 255 255 255 255 255 255 255 255 255 255 255 255 255 255 255 255 255 255 255 255 255 255 255
255 255 255 255 255 255 255 255 255 255 255 255 255 255 255 255 255 255 255 255 255 255 255 255 255 255 255 255 255 255 255 255 255 255 255 255 255 255 255 255 255 255 255 255 255 255 255 255 255 255 255 255 255 255 255 255 255
255 255 255 255 255 255 255 255 255 255 255 255 255 255 255 255 255 255 255 255 255 255 255 255 255 255 255 255 255 255 255 255 255 255 255 255 255 255 255 255 255 255 255 255 255 255 255 255 255 255 255 255 255 255 255 255 255
255 255 255 255 255 255 255 255 255 255 255 255 255 255 255 255 255 255 255 255 255 255 255 255 255 255 255 255 255 255 255 255 255 255 255 255 255 255 255 255 255 255 255 255 255 255 255 255 255 255 255 255 255 255 255 255 255
255 255 255 255 255 255 255 255 255 255 255 255 255 255 255 255 255 255 255 255 255 255 255 255 255 255 255 255 255 255 255 255 255 255 255 255 255 255 255 255 255 255 255 255 255 255 255 255 255 255 255 255 255 255 255 255 255
255 255 255 255 255 255 255 255 255 255 255 255 255 255 255 255 255 255 255 255 255 255 255 255 255 255 255 255 255 255 255 255 255 255 255 255 255 255 255 255 255 255 255 255 255 255 255 255 255 255 255 255 255 255 255 255 255
255 255 255 255 255 255 255 255 255 255 255 255 255 255 255 255 255 255 255 255 255 255 255 255 255 255 255 255 255 255 255 255 255 255 255 255 255 255 255 255 255 255 255 255 255 255 255 255 255 255 255 255 255 255 255 255 255
255 255 255 255 255 255 255 255 255 255 255 255 255 255 255 255 255 255 255 255 255 255 255 255 255 255 255 255 255 255 255 255 255 255 255 255 255 255 255 255 255 255 255 255 255 255 255 255 255 255 255 255 255 255 255 255 255
255 255 255 255 255 255 255 255 255 255 255 255 255 255 255 255 255 255 255 255 255 255 255 255 255 255 255 255 255 255 255 255 255 255 255 255 255 255 255 255 255 255 255 255 255 255 255 255 255 255 255 255 255 255 255 255 255
255 255 255 255 255 255 255 255 255 255 255 255 255 255 255 255 255 255 255 255 255 255 255 255 255 255 255 255 255 255 255 255 255 255 255 255 255 255 255 255 255 255 255 255 255 255 255 255 255 255 255 255 255 255 255 255 255
255 255 255 255 255 255 255 255 255 255 255 255 255 255 255 255 255 255 255 255 255 255 255 255 255 255 255 255 255 255 255 255 255 255 255 255 255 255 255 255 255 255 255 255 255 255 255 255 255 255 255 255 255 255 255 255 255
255 255 255 255 255 255 255 255 255 255 255 255 255 255 255 255 255 255 255 255 255 255 255 255 255 255 255 255 255 255 255 255 255 255 255 255 255 255 255 255 255 255 255 255 255 255 255 255 255 255 255 255 255 255 255 255 255
255 255 255 255 255 255 255 255 255 255 255 255 255 255 255 255 255 255 255 255 255 255 255 255 255 255 255 255 255 255 255 255 255 255 255 255 255 255 255 255 255 255 255 255 255 255 255 255 255 255 255 255 255 255 255 255 255
255 255 255 255 255 255 255 255 255 255 255 255 255 255 255 255 255 255 255 255 255 255 255 255 255 255 255 255 255 255 255 255 255 255 255 255 255 255 255 255 255 255 255 255 255 255 255 255 255 255 255 255 255 255 255 255 255
255 255 255 255 255 255 255 255 255 255 255 255 255 255 255 255 255 255 255 255 255 255 255 255 255 255 255 255 255 255 255 255 255 255 255 255 255 255 255 255 255 255 255 255 255 255 255 255 255 255 255 255 255 255 255 255 255
255 255 255 255 255 255 255 255 255 255 255 255 255 255 255 255 255 255 255 255 255 255 255 255 255 255 255 255 255 255 255 255 255 255 255 255 255 255 255 255 255 255 255 255 255 255 255 255 255 255 255 255 255 255 255 255 255
255 255 255 255 255 255 255 255 255 255 255 255 255 255 255 255 255 255 255 255 255 255 255 255 255 255 255 255 255 255 255 255 255 255 255 255 255 255 255 255 255 255 255 255 255 255 255 255 255 255 255 255 255 255 255 255 255
255 255 255 255 255 255 255 255 255 255 255 255 255 255 255 255 255 255 255 255 255 255 255 255 255 255 255 255 255 255 255 255 255 255 255 255 255 255 255 255 255 255 255 255 255 255 255 255 255 255 255 255 255 255 255 255 255
255 255 255 255 255 255 255 255 255 255 255 255 255 255 255 255 255 255 255 255 255 255 255 255 255 255 255 255 255 255 255 255 255 255 255 255 255 255 255 255 255 255 255 255 255 255 255 255 255 255 255 255 255 255 255 255 255
255 255 255 255 255 255 255 255 255 255 255 255 255 255 255 255 255 255 255 255 255 255 255 255 255 255 255 255 255 255 255 255 255 255 255 255 255 255 255 255 255 255 255 255 255 255 255 255 255 255 255 255 255 255 255 255 255
255 255 255 255 255 255 255 255 255 255 255 255 255 255 255 255 255 255 255 255 255 255 255 255 255 255 255 255 255 255 255 255 255 255 255 255 255 255 255 255 255 255 255 255 255 255 255 255 255 255 255 255 255 255 255 255 255
255 255 255 255 255 255 255 255 255 255 255 255 255 255 255 255 255 255 255 255 255 255 255 255 255 255 255 255 255 255 255 255 255 255 255 255 255 255 255 255 255 255 255 255 255 255 255 255 255 255 255 255 255 255 255 255 255
255 255 255 255 255 255 255 255 255 255 255 255 255 255 255 255 255 255 255 255 255 255 255 255 255 255 255 255 255 255 255 255 255 255 255 255 255 255 255 255 255 255 255 255 255 255 255 255 255 255 255 255 255 255 255 255 255
255 255 255 255 255 255 255 255 255 255 255 255 255 255 255 255 255 255 255 255 255 255 255 255 255 255 255 255 255 255 255 255 255 255 255 255 255 255 255 255 255 255 255 255 255 255 255 255 255 255 255 255 255 255 255 255 255
255 255 255 255 255 255 255 255 255 255 255 255 255 255 255 255 255 255 255 255 255 255 255 255 255 255 255 255 255 255 255 255 255 255 255 255 255 255 255 255 255 255 255 255 255 255 255 255 255 255 255 255 255 255 255 255 255
255 255 255 255 255 255 255 255 255 255 255 255 255 255 255 255 255 255 255 255 255 255 255 255 255 255 255 255 255 255 255 255 255 255 255 255 255 255 255 255 255 255 255 255 255 255 255 255 255 255 255 255 255 255 255 255 255
255 255 255 255 255 255 255 255 255 255 255 255 255 255 255 255 255 255 255 255 255 255 255 255 255 255 255 255 255 255 255 255 255 255 255 255 255 255 255 255 255 255 255 255 255 255 255 255 255 255 255 255 255 255 255 255 255
255 255 255 255 255 255 255 255 255 255 255 255 255 255 255 255 255 255 255 255 255 255 255 255 255 255 255 255 255 255 255 255 255 255 255 255 255 255 255 255 255 255 255 255 255 255 255 255 255 255 255 255 255 255 255 255 255
255 255 255 255 255 255 255 255 255 255 255 255 255 255 255 255 255 255 255 255 255 255 255 255 255 255 255 255 255 255 255 255 255 255 255 255 255 255 255 255 255 255 255 255 255 255 255 255 255 255 255 255 255 255 255 255 255
255 255 255 255 255 255 255 255 255 255 255 255 255 255 255 255 255 255 255 255 255 255 255 255 255 255 255 255 255 255 255 255 255 255 255 255 255 255 255 255 255 255 255 255 255 255 255 255 255 255 255 255 255 255 255 255 255
255 255 255 255 255 255 255 255 255 255 255 255 255 255 255 255 255 255 255 255 255 255 255 255 255 255 255 255 255 255 255 255 255 255 255 255 255 255 255 255 255 255 255 255 255 255 255 255 255 255 255 255 255 255 255 255 255
255 255 255 255 255 255 255 255 255 255 255 255 255 255 255 255 255 255 255 255 255 255 255 255 255 255 255 255 255 255 255 255 255 255 255 255 255 255 255 255 255 255 255 255 255 255 255 255 255 255 255 255 255 255 255 255 255
255 255 255 255 255 255 255 255 255 255 255 255 255 255 255 255 255 255 255 255 255 255 255 255 255 255 255 255 255 255 255 255 255 255 255 255 255 255 255 255 255 255 255 255 255 255 255 255 255 255 255 255 255 255 255 255 255
255 255 255 255 255 255 255 255 255 255 255 255 255 255 255 255 255 255 255 255 255 255 255 255 255 255 255 255 255 255 255 255 255 255 255 255 255 255 255 255 255 255 255 255 255 255 255 255 255 255 255 255 255 255 255 255 255
255 255 255 255 255 255 255 255 255 255 255 255 255 255 255 255 255 255 255 255 255 255 255 255 255 255 255 255 255 255 255 255 255 255 255 255 255 255 255 255 255 255 255 255 255 255 255 255 255 255 255 255 255 255 255 255 255
255 255 255 255 255 255 255 255 255 255 255 255 255 255 255 255 255 255 255 255 255 255 255 255 255 255 255 255 255 255 255 255 255 255 255 255 255 255 255 255 255 255 255 255 255 255 255 255 255 255 255 255 255 255 255 255 255
255 255 255 255 255 255 255 255 255 255 255 255 255 255 255 255 255 255 255 255 255 255 255 255 255 255 255 255 255 255 255 255 255 255 255 255 255 255 255 255 255 255 255 255 255 255 255 255 255 255 255 255 255 255 255 255 255
255 255 255 255 255 255 255 255 255 255 255 255 255 255 255 255 255 255 255 255 255 255 255 255 255 255 255 255 255 255 255 255 255 255 255 255 255 255 255 255 255 255 255 255 255 255 255 255 255 255 255 255 255 255 255 255 255
255 255 255 255 255 255 255 255 255 255 255 255 255 255 255 255 255 255 255 255 255 255 255 255 255 255 255 255 255 255 255 255 255 255 255 255 255 255 255 255 255 255 255 255 255 255 255 255 255 255 255 255 255 255 255 255 255
255 255 255 255 255 255 255 255 255 255 255 255 255 255 255 255 255 255 255 255 255 255 255 255 255 255 255 255 255 255 255 255 255 255 255 255 255 255 255 255 255 255 255 255 255 255 255 255 255 255 255 255 255 255 255 255 255
255 255 255 255 255 255 255 255 255 255 255 255 255 255 255 255 255 255 255 255 255 255 255 255 255 255 255 255 255 255 255 255 255 255 255 255 255 255 255 255 255 255 255 255 255 255 255 255 255 255 255 255 255 255 255 255 255
255 255 255 255 255 255 255 255 255 255 255 255 255 255 255 255 255 255 255 255 255 255 255 255 255 255 255 255 255 255 255 255 255 255 255 255 255 255 255 255 255 255 255 255 255 255 255 255 255 255 255 255 255 255 255 255 255
255 255 255 255 255 255 255 255 255 255 255 255 255 255 255 255 255 255 254 254 255 255 255 255 255 255 255 255 254 255 255 255 254 255 255 253 253 255 255 255 255 255 255 255 255 255 255 255 255 255 255 255 255 255 255 255 255
255 255 255 255 255 255 255 255 255 255 255 255 255 255 255 255 254 255 255 254 255 255 254 255 254 255 255 255 255 255 255 255 254 255 255 255 255 255 255 255 255 255 255 255 255 255 255 255 255 255 255 255 255 255 255 255 255
255 255 255 255 255 255 255 255 255 255 255 255 255 255 255 255 255 255 255 254 254 255 255 255 255 255 254 252 252 252 253 254 253 253 253 254 254 254 255 255 255 255 255 255 255 255 255 255 255 255 255 255 255 255 255 255 255
255 255 255 255 255 255 255 255 255 255 255 255 255 255 255 255 251 254 255 255 254 255 255 252 253 253 253 255 255 255 255 255 255 255 255 255 255 255 253 252 255 255 255 255 255 255 255 255 255 255 255 255 255 255 255 255 255
255 255 255 255 255 255 255 255 255 255 255 255 255 255 255 255 255 255 255 254 252 255 255 253 255 255 254 255 255 254 253 254 254 255 255 254 253 254 255 255 255 255 255 255 255 255 255 255 255 255 255 255 255 255 255 255 255
255 255 255 255 255 255 255 255 255 255 255 255 255 255 255 255 255 254 255 255 254 255 255 254 255 254 254 255 255 255 255 255 251 255 255 254 254 255 255 254 255 255 255 255 255 255 255 255 255 255 255 255 255 255 255 255 255
255 255 255 255 255 255 255 255 255 255 255 255 255 255 255 255 254 250 255 255 255 252 251 247 201 175 141 116 106 113 129 144 184 215 246 255 255 254 253 250 255 255 255 255 255 255 255 255 255 255 255 255 255 255 255 255 255
255 255 255 255 255 255 255 255 255 255 255 255 255 255 255 255 255 255 255 244 189 114 44 0 4 0 0 1 2 0 0 0 0 0 9 52 129 208 251 255 255 255 255 255 255 255 255 255 255 255 255 255 255 255 255 255 255
255 255 255 255 255 255 255 255 255 254 255 255 247 255 254 252 255 225 120 29 0 0 6 0 0 1 2 0 0 0 0 0 1 0 0 6 4 0 44 145 245 254 255 255 251 255 255 250 255 252 254 255 255 255 255 255 255
255 255 255 255 255 255 255 255 251 255 255 254 255 254 252 221 83 11 0 0 0 1 0 6 45 72 107 134 145 140 124 109 66 39 3 0 1 5 0 0 10 112 229 255 255 248 248 255 251 255 252 254 254 252 255 249 255
255 255 255 255 255 255 255 255 255 243 255 253 255 235 110 2 2 0 8 0 30 113 180 250 254 255 255 255 254 255 255 255 255 252 237 182 92 20 0 2 0 3 14 144 251 255 255 255 255 255 255 255 255 251 254 255 255
255 255 255 255 255 255 255 255 255 255 255 251 192 36 0 0 1 3 64 178 255 255 247 254 252 255 255 255 254 254 255 254 255 253 249 251 255 242 154 51 4 1 0 0 56 226 255 253 252 254 248 255 255 249 255 255 255
255 255 255 255 255 255 255 255 250 253 252 147 0 0 3 3 64 207 255 253 253 253 255 254 255 255 255 255 254 255 255 255 251 255 255 255 253 254 254 251 181 39 8 0 3 13 181 255 255 254 255 246 250 255 253 250 255
255 255 255 255 255 255 255 255 255 255 86 3 1 1 20 167 255 255 252 255 252 247 255 255 251 252 254 255 255 255 255 254 255 255 254 255 255 254 252 255 255 245 135 10 0 8 0 140 255 251 255 255 252 251 254 255 255
255 255 255 255 255 255 255 255 249 79 2 0 0 63 231 255 254 253 254 255 255 255 253 255 255 255 255 255 254 253 253 254 253 255 253 251 255 255 255 254 253 255 250 202 33 0 6 0 120 255 250 242 255 249 255 255 255
255 255 255 255 255 255 255 255 77 0 0 3 106 251 253 255 253 255 253 254 253 254 255 250 254 253 253 254 255 255 255 255 255 255 255 255 253 253 254 254 255 251 254 255 232 71 0 0 2 126 255 255 249 255 250 254 255
253 254 254 255 255 254 255 117 0 2 0 128 252 255 255 254 255 255 255 255 255 255 255 255 255 255 255 255 255 255 255 255 255 255 255 255 255 255 255 255 255 255 254 255 250 246 80 2 0 0 168 255 252 255 255 255 255
254 253 255 255 252 255 168 0 0 0 123 255 255 252 251 255 255 255 255 255 255 255 255 255 255 255 255 255 255 255 255 255 255 255 255 255 255 255 255 255 253 254 255 248 255 249 253 70 0 11 5 201 255 255 254 249 255
255 251 255 250 251 220 11 6 6 76 255 254 252 253 253 254 255 255 255 255 255 255 255 255 255 255 255 255 255 255 255 255 255 255 255 255 255 255 255 255 255 254 255 248 254 255 252 246 42 0 6 39 246 249 255 255 255
255 255 252 255 255 65 0 0 35 245 252 255 255 255 255 254 255 255 255 255 255 255 255 255 255 255 255 255 255 255 255 255 255 255 255 255 255 255 255 255 253 254 255 255 250 255 255 252 213 13 0 7 109 255 252 255 255
252 253 255 253 167 0 6 3 209 255 255 253 253 255 255 253 255 255 255 255 255 255 255 255 255 255 255 255 255 255 255 255 255 255 255 255 255 255 255 255 255 252 255 253 253 255 249 255 254 166 0 0 8 208 255 255 255
255 250 250 250 27 0 0 121 255 246 255 250 255 249 248 255 255 255 255 255 255 255 255 255 255 255 255 255 255 255 255 255 255 255 255 255 255 255 255 255 255 255 251 255 249 255 252 255 255 251 74 0 0 76 250 254 255
255 255 255 154 1 0 27 242 251 255 255 252 255 255 255 247 255 255 255 255 255 255 255 255 255 255 255 255 255 255 255 255 255 255 255 255 255 255 255 255 255 254 255 253 255 250 255 255 254 253 216 0 0 3 214 253 255
254 250 255 45 3 0 146 254 255 255 250 255 251 254 254 255 255 255 255 255 255 255 255 255 255 255 255 255 255 255 255 255 255 255 255 255 255 255 255 255 254 255 254 255 255 253 255 254 255 252 255 91 5 0 103 255 255
255 253 197 0 0 7 243 252 255 255 255 255 255 255 255 255 255 255 255 255 255 255 255 255 255 255 255 255 255 255 255 255 255 255 255 255 255 255 255 255 255 255 255 255 255 255 255 255 254 255 255 199 2 0 6 238 255
253 255 97 0 5 109 253 253 255 255 255 255 255 255 255 255 255 255 255 255 255 255 255 255 255 255 255 255 255 255 255 255 255 255 255 255 255 255 255 255 255 255 255 255 255 255 255 255 254 255 254 250 52 6 0 155 254
255 250 19 0 2 202 255 255 255 255 255 255 255 255 255 255 255 255 255 255 255 255 255 255 255 255 255 255 255 255 255 255 255 255 255 255 255 255 255 255 255 255 255 255 255 255 255 255 253 252 255 255 146 0 3 69 255
255 201 3 0 25 245 253 255 255 255 255 255 255 255 255 255 255 255 255 255 255 255 255 255 255 255 255 255 255 255 255 255 255 255 255 255 255 255 255 255 255 255 255 255 255 255 255 255 255 252 255 248 228 0 2 11 248
254 138 0 3 88 255 255 250 255 255 255 255 255 255 255 255 255 255 255 255 255 255 255 255 255 255 255 255 255 255 255 255 255 255 255 255 255 255 255 255 255 255 255 255 255 255 255 255 252 254 255 251 255 38 0 0 192
252 100 0 4 148 255 255 254 255 255 255 255 255 255 255 255 255 255 255 255 255 255 255 255 255 255 255 255 255 255 255 255 255 255 255 255 255 255 255 255 255 255 255 255 255 255 255 255 253 251 253 255 255 92 3 3 150
255 63 0 3 189 250 253 255 255 255 255 255 255 255 255 255 255 255 255 255 255 255 255 255 255 255 255 255 255 255 255 255 255 255 255 255 255 255 255 255 255 255 255 255 255 255 255 255 255 255 255 254 253 134 2 0 116
255 21 1 0 219 255 251 254 255 255 255 255 255 255 255 255 255 255 255 255 255 255 255 255 255 255 255 255 255 255 255 255 255 255 255 255 255 255 255 255 255 255 255 255 255 255 255 255 251 255 252 255 253 169 0 0 80
251 0 0 1 252 252 255 255 255 255 255 255 255 255 255 255 255 255 255 255 255 255 255 255 255 255 255 255 255 255 255 255 255 255 255 255 255 255 255 255 255 255 255 255 255 255 255 255 255 255 254 254 255 202 2 0 49
242 1 0 11 255 252 255 252 255 255 255 255 255 255 255 255 255 255 255 255 255 255 255 255 255 255 255 255 255 255 255 255 255 255 255 255 255 255 255 255 255 255 255 255 255 255 255 255 255 255 255 255 255 210 2 0 41
238 2 0 18 255 252 255 252 255 255 255 255 255 255 255 255 255 255 255 255 255 255 255 255 255 255 255 255 255 255 255 255 255 255 255 255 255 255 255 255 255 255 255 255 255 255 255 255 254 255 255 254 255 218 1 1 36
244 0 0 12 255 253 255 255 255 255 255 255 255 255 255 255 255 255 255 255 255 255 255 255 255 255 255 255 255 255 255 255 255 255 255 255 255 255 255 255 255 255 255 255 255 255 255 255 253 254 255 252 255 215 0 0 42
252 5 0 3 245 255 253 255 255 255 255 255 255 255 255 255 255 255 255 255 255 255 255 255 255 255 255 255 255 255 255 255 255 255 255 255 255 255 255 255 255 255 255 255 255 255 255 255 255 255 254 253 255 196 0 0 53
255 30 2 0 217 255 251 255 255 255 255 255 255 255 255 255 255 255 255 255 255 255 255 255 255 255 255 255 255 255 255 255 255 255 255 255 255 255 255 255 255 255 255 255 255 255 255 255 255 255 253 255 255 162 2 0 88
255 71 0 1 175 255 253 254 255 255 255 255 255 255 255 255 255 255 255 255 255 255 255 255 255 255 255 255 255 255 255 255 255 255 255 255 255 255 255 255 255 255 255 255 255 255 255 255 255 255 252 255 252 122 2 0 121
255 105 0 3 142 254 255 254 255 255 255 255 255 255 255 255 255 255 255 255 255 255 255 255 255 255 255 255 255 255 255 255 255 255 255 255 255 255 255 255 255 255 255 255 255 255 255 255 253 255 251 255 247 94 0 0 156
254 145 8 0 78 255 251 255 255 255 255 255 255 255 255 255 255 255 255 255 255 255 255 255 255 255 255 255 255 255 255 255 255 255 255 255 255 255 255 255 255 255 255 255 255 255 255 255 255 255 249 255 245 30 3 0 204
255 220 0 5 14 248 255 253 255 255 255 255 255 255 255 255 255 255 255 255 255 255 255 255 255 255 255 255 255 255 255 255 255 255 255 255 255 255 255 255 255 255 255 255 255 255 255 255 252 250 255 249 220 0 0 18 253
255 255 29 0 0 189 251 255 255 255 255 255 255 255 255 255 255 255 255 255 255 255 255 255 255 255 255 255 255 255 255 255 255 255 255 255 255 255 255 255 255 255 255 255 255 255 255 255 255 255 255 255 124 3 4 85 255
251 255 118 0 0 93 247 254 255 255 255 255 255 255 255 255 255 255 255 255 255 255 255 255 255 255 255 255 255 255 255 255 255 255 255 255 255 255 255 255 255 255 255 255 255 255 255 255 255 255 251 250 33 0 0 168 254
255 253 216 1 0 3 227 255 255 255 255 255 255 255 255 255 255 255 255 255 255 255 255 255 255 255 255 255 255 255 255 255 255 255 255 255 255 255 255 255 255 255 255 255 255 255 255 255 248 255 250 182 1 0 20 245 255
255 249 254 64 5 0 120 255 255 255 255 255 255 255 255 255 255 255 255 255 255 255 255 255 255 255 255 255 255 255 255 255 255 255 255 255 255 255 255 255 255 255 255 255 255 255 255 255 255 255 252 66 6 0 124 255 255
251 255 255 180 0 1 13 227 255 255 255 255 255 255 255 255 255 255 255 255 255 255 255 255 255 255 255 255 255 255 255 255 255 255 255 255 255 255 255 255 255 255 255 255 255 255 255 255 255 251 199 0 0 6 223 251 254
255 248 255 252 54 0 6 90 255 255 255 255 255 255 255 255 255 255 255 255 255 255 255 255 255 255 255 255 255 255 255 255 255 255 255 255 255 255 255 255 255 255 255 255 255 255 255 255 255 248 40 3 0 101 255 255 255
254 254 255 252 196 3 0 0 184 249 255 251 255 245 255 254 255 255 255 255 255 255 255 254 255 255 255 255 255 255 255 255 255 255 255 255 255 255 255 255 252 255 255 251 255 255 253 254 255 127 1 0 13 230 255 254 255
255 253 255 255 247 87 5 3 19 228 252 255 250 255 255 255 254 254 255 255 255 255 255 255 255 255 255 255 255 255 255 255 255 255 255 255 255 255 255 255 255 247 255 255 251 251 255 254 189 0 0 0 148 251 255 255 255
253 255 255 252 255 239 31 0 2 52 250 253 255 255 250 254 254 254 254 254 254 255 255 255 255 255 255 255 255 255 255 255 255 255 255 255 255 255 255 255 250 255 255 252 255 245 254 228 19 3 2 66 249 255 248 255 255
255 250 255 255 255 249 204 6 0 0 83 250 252 254 255 254 255 255 255 255 254 254 255 255 255 255 255 255 255 255 255 255 255 255 255 255 255 255 255 255 255 251 255 243 255 255 240 41 2 0 28 234 254 255 248 255 255
251 255 250 255 250 255 253 155 1 3 0 84 248 255 254 254 255 255 255 255 255 254 255 255 255 255 255 255 255 255 255 255 255 255 255 255 255 255 255 255 252 255 253 255 249 232 41 0 0 10 197 255 252 255 255 253 255
254 255 255 255 254 255 254 255 121 0 0 5 70 228 255 255 254 255 255 255 255 254 254 255 255 255 255 255 255 255 255 255 255 255 255 255 255 255 255 255 252 255 254 255 217 25 3 1 1 175 255 253 255 250 255 255 255
255 249 255 255 251 255 255 255 254 126 7 0 0 35 189 255 251 253 255 255 255 254 254 255 255 255 255 255 255 255 255 255 255 255 255 255 255 255 255 255 255 255 253 158 7 1 8 2 174 249 249 255 250 255 250 251 255
255 250 255 254 254 254 253 255 255 251 134 7 3 0 7 120 248 251 254 255 255 254 255 255 255 255 255 255 255 255 255 255 255 255 255 255 255 255 255 255 255 226 91 6 0 5 9 179 250 255 252 255 252 255 255 255 255
255 255 255 255 255 255 255 255 253 255 247 191 23 0 2 0 26 165 250 255 254 253 255 255 253 255 255 255 255 255 254 253 253 255 255 255 254 255 252 244 132 12 2 0 2 42 220 255 255 255 255 255 255 255 255 255 255
255 255 255 255 255 255 255 255 255 246 255 251 226 65 0 4 2 0 26 126 232 255 249 255 255 255 255 255 255 254 255 255 255 255 255 255 252 214 113 4 1 1 0 2 94 251 252 255 255 255 255 255 255 255 255 255 255
255 255 255 255 255 255 255 255 255 250 255 251 255 249 158 26 3 0 6 0 4 59 136 207 249 253 254 252 252 254 254 251 252 240 193 120 50 3 0 5 0 7 41 198 251 255 255 254 255 255 255 255 255 255 255 255 255
255 255 255 255 255 255 255 255 249 255 255 255 253 255 252 242 132 33 0 5 0 0 6 0 0 29 63 83 95 97 80 58 21 0 0 8 2 0 2 3 43 162 254 255 251 255 253 255 255 255 255 255 255 255 255 255 255
255 255 255 255 255 255 255 255 255 253 252 255 252 255 255 255 254 250 166 60 8 0 4 0 0 0 0 0 0 0 0 0 2 1 0 0 0 9 89 190 255 254 254 255 255 255 248 255 255 255 255 255 255 255 255 255 255
255 255 255 255 255 255 255 255 254 255 251 255 249 255 251 255 253 255 255 255 225 160 95 33 8 0 0 3 3 0 0 5 0 11 49 108 177 238 255 250 254 253 249 254 252 255 254 255 255 255 255 255 255 255 255 255 255
255 255 255 255 255 255 255 255 255 254 255 251 255 255 255 253 255 255 254 255 255 254 255 255 249 221 190 173 163 162 176 195 230 252 255 253 255 255 253 255 255 255 255 255 255 249 255 251 255 255 255 255 255 255 255 255 255
255 255 255 255 255 255 255 255 255 254 255 255 255 253 254 253 255 254 255 252 255 255 247 255 255 255 255 253 254 255 255 252 254 255 255 254 255 255 254 255 253 253 255 251 255 255 254 255 255 255 255 255 255 255 255 255 255
255 255 255 255 255 255 255 255 255 255 255 255 255 255 255 255 255 255 255 255 255 255 255 255 255 255 255 255 255 255 255 255 255 255 255 255 255 255 255 255 255 255 255 255 255 255 255 255 255 255 255 255 255 255 255 255 255
255 255 255 255 255 255 255 255 255 255 255 255 255 255 255 255 255 255 255 255 255 255 255 255 255 255 255 255 255 255 255 255 255 255 255 255 255 255 255 255 255 255 255 255 255 255 255 255 255 255 255 255 255 255 255 255 255
255 255 255 255 255 255 255 255 255 255 255 255 255 255 255 255 255 255 255 255 255 255 255 255 255 255 255 255 255 255 255 255 255 255 255 255 255 255 255 255 255 255 255 255 255 255 255 255 255 255 255 255 255 255 255 255 255
255 255 255 255 255 255 255 255 255 255 255 255 255 255 255 255 255 255 255 255 255 255 255 255 255 255 255 255 255 255 255 255 255 255 255 255 255 255 255 255 255 255 255 255 255 255 255 255 255 255 255 255 255 255 255 255 255
255 255 255 255 255 255 255 255 255 255 255 255 255 255 255 255 255 255 255 255 255 255 255 255 255 255 255 255 255 255 255 255 255 255 255 255 255 255 255 255 255 255 255 255 255 255 255 255 255 255 255 255 255 255 255 255 255
255 255 255 255 255 255 255 255 255 255 255 255 255 255 255 255 255 255 255 255 255 255 255 255 255 255 255 255 255 255 255 255 255 255 255 255 255 255 255 255 255 255 255 255 255 255 255 255 255 255 255 255 255 255 255 255 255
255 255 255 255 255 255 255 255 255 255 255 255 255 255 255 255 255 255 255 255 255 255 255 255 255 255 255 255 255 255 255 255 255 255 255 255 255 255 255 255 255 255 255 255 255 255 255 255 255 255 255 255 255 255 255 255 255
255 255 255 255 255 255 255 255 255 255 255 255 255 255 255 255 255 255 255 255 255 255 255 255 255 255 255 255 255 255 255 255 255 255 255 255 255 255 255 255 255 255 255 255 255 255 255 255 255 255 255 255 255 255 255 255 255
255 255 255 255 255 255 255 255 255 255 255 255 255 255 255 255 255 255 255 255 255 255 255 255 255 255 255 255 255 255 255 255 255 255 255 255 255 255 255 255 255 255 255 255 255 255 255 255 255 255 255 255 255 255 255 255 255
255 255 255 255 255 255 255 255 255 255 255 255 255 255 255 255 255 255 255 255 255 255 255 255 255 255 255 255 255 255 255 255 255 255 255 255 255 255 255 255 255 255 255 255 255 255 255 255 255 255 255 255 255 255 255 255 255
255 255 255 255 255 255 255 255 255 255 255 255 255 255 255 255 255 255 255 255 255 255 255 255 255 255 255 255 255 255 255 255 255 255 255 255 255 255 255 255 255 255 255 255 255 255 255 255 255 255 255 255 255 255 255 255 255
255 255 255 255 255 255 255 255 255 255 255 255 255 255 255 255 255 255 255 255 255 255 255 255 255 255 255 255 255 255 255 255 255 255 255 255 255 255 255 255 255 255 255 255 255 255 255 255 255 255 255 255 255 255 255 255 255
255 255 255 255 255 255 255 255 255 255 255 255 255 255 255 255 255 255 255 255 255 255 255 255 255 255 255 255 255 255 255 255 255 255 255 255 255 255 255 255 255 255 255 255 255 255 255 255 255 255 255 255 255 255 255 255 255
255 255 255 255 255 255 255 255 255 255 255 255 255 255 255 255 255 255 255 255 255 255 255 255 255 255 255 255 255 255 255 255 255 255 255 255 255 255 255 255 255 255 255 255 255 255 255 255 255 255 255 255 255 255 255 255 255
255 255 255 255 255 255 255 255 255 255 255 255 255 255 255 255 255 255 255 255 255 255 255 255 255 255 255 255 255 255 255 255 255 255 255 255 255 255 255 255 255 255 255 255 255 255 255 255 255 255 255 255 255 255 255 255 255
255 255 255 255 255 255 255 255 255 255 255 255 255 255 255 255 255 255 255 255 255 255 255 255 255 255 255 255 255 255 255 255 255 255 255 255 255 255 255 255 255 255 255 255 255 255 255 255 255 255 255 255 255 255 255 255 255
255 255 255 255 255 255 255 255 255 255 255 255 255 255 255 255 255 255 255 255 255 255 255 255 255 255 255 255 255 255 255 255 255 255 255 255 255 255 255 255 255 255 255 255 255 255 255 255 255 255 255 255 255 255 255 255 255
255 255 255 255 255 255 255 255 255 255 255 255 255 255 255 255 255 255 255 255 255 255 255 255 255 255 255 255 255 255 255 255 255 255 255 255 255 255 255 255 255 255 255 255 255 255 255 255 255 255 255 255 255 255 255 255 255
255 255 255 255 255 255 255 255 255 255 255 255 255 255 255 255 255 255 255 255 255 255 255 255 255 255 255 255 255 255 255 255 255 255 255 255 255 255 255 255 255 255 255 255 255 255 255 255 255 255 255 255 255 255 255 255 255
255 255 255 255 255 255 255 255 255 255 255 255 255 255 255 255 255 255 255 255 255 255 255 255 255 255 255 255 255 255 255 255 255 255 255 255 255 255 255 255 255 255 255 255 255 255 255 255 255 255 255 255 255 255 255 255 255
255 255 255 255 255 255 255 255 255 255 255 255 255 255 255 255 255 255 255 255 255 255 255 255 255 255 255 255 255 255 255 255 255 255 255 255 255 255 255 255 255 255 255 255 255 255 255 255 255 255 255 255 255 255 255 255 255
255 255 255 255 255 255 255 255 255 255 255 255 255 255 255 255 255 255 255 255 255 255 255 255 255 255 255 255 255 255 255 255 255 255 255 255 255 255 255 255 255 255 255 255 255 255 255 255 255 255 255 255 255 255 255 255 255
255 255 255 255 255 255 255 255 255 255 255 255 255 255 255 255 255 255 255 255 255 255 255 255 255 255 255 255 255 255 255 255 255 255 255 255 255 255 255 255 255 255 255 255 255 255 255 255 255 255 255 255 255 255 255 255 255
255 255 255 255 255 255 255 255 255 255 255 255 255 255 255 255 255 255 255 255 255 255 255 255 255 255 255 255 255 255 255 255 255 255 255 255 255 255 255 255 255 255 255 255 255 255 255 255 255 255 255 255 255 255 255 255 255
255 255 255 255 255 255 255 255 255 255 255 255 255 255 255 255 255 255 255 255 255 255 255 255 255 255 255 255 255 255 255 255 255 255 255 255 255 255 255 255 255 255 255 255 255 255 255 255 255 255 255 255 255 255 255 255 255
255 255 255 255 255 255 255 255 255 255 255 255 255 255 255 255 255 255 255 255 255 255 255 255 255 255 255 255 255 255 255 255 255 255 255 255 255 255 255 255 255 255 255 255 255 255 255 255 255 255 255 255 255 255 255 255 255
255 255 255 255 255 255 255 255 255 255 255 255 255 255 255 255 255 255 255 255 255 255 255 255 255 255 255 255 255 255 255 255 255 255 255 255 255 255 255 255 255 255 255 255 255 255 255 255 255 255 255 255 255 255 255 255 255
255 255 255 255 255 255 255 255 255 255 255 255 255 255 255 255 255 255 255 255 255 255 255 255 255 255 255 255 255 255 255 255 255 255 255 255 255 255 255 255 255 255 255 255 255 255 255 255 255 255 255 255 255 255 255 255 255
255 255 255 255 255 255 255 255 255 255 255 255 255 255 255 255 255 255 255 255 255 255 255 255 255 255 255 255 255 255 255 255 255 255 255 255 255 255 255 255 255 255 255 255 255 255 255 255 255 255 255 255 255 255 255 255 255
255 255 255 255 255 255 255 255 255 255 255 255 255 255 255 255 255 255 255 255 255 255 255 255 255 255 255 255 255 255 255 255 255 255 255 255 255 255 255 255 255 255 255 255 255 255 255 255 255 255 255 255 255 255 255 255 255
255 255 255 255 255 255 255 255 255 255 255 255 255 255 255 255 255 255 255 255 255 255 255 255 255 255 255 255 255 255 255 255 255 255 255 255 255 255 255 255 255 255 255 255 255 255 255 255 255 255 255 255 255 255 255 255 255
255 255 255 255 255 255 255 255 255 255 255 255 255 255 255 255 255 255 255 255 255 255 255 255 255 255 255 255 255 255 255 255 255 255 255 255 255 255 255 255 255 255 255 255 255 255 255 255 255 255 255 255 255 255 255 255 255
255 255 255 255 255 255 255 255 255 255 255 255 255 255 255 255 255 255 255 255 255 255 255 255 255 255 255 255 255 255 255 255 255 255 255 255 255 255 255 255 255 255 255 255 255 255 255 255 255 255 255 255 255 255 255 255 255
255 255 255 255 255 255 255 255 255 255 255 255 255 255 255 255 255 255 255 255 255 255 255 255 255 255 255 255 255 255 255 255 255 255 255 255 255 255 255 255 255 255 255 255 255 255 255 255 255 255 255 255 255 255 255 255 255
255 255 255 255 255 255 255 255 255 255 255 255 255 255 255 255 255 255 255 255 255 255 255 255 255 255 255 255 255 255 255 255 255 255 255 255 255 255 255 255 255 255 255 255 255 255 255 255 255 255 255 255 255 255 255 255 255
255 255 255 255 255 255 255 255 255 255 255 255 255 255 255 255 255 255 255 255 255 255 255 255 255 255 255 255 255 255 255 255 255 255 255 255 255 255 255 255 255 255 255 255 255 255 255 255 255 255 255 255 255 255 255 255 255
255 255 255 255 255 255 255 255 255 255 255 255 255 255 255 255 255 255 255 255 255 255 255 255 255 255 255 255 255 255 255 255 255 255 255 255 255 255 255 255 255 255 255 255 255 255 255 255 255 255 255 255 255 255 255 255 255
255 255 255 255 255 255 255 255 255 255 255 255 255 255 255 255 255 255 255 255 255 255 255 255 255 255 255 255 255 255 255 255 255 255 255 255 255 255 255 255 255 255 255 255 255 255 255 255 255 255 255 255 255 255 255 255 255
255 255 255 255 255 255 255 255 255 255 255 255 255 255 255 255 255 255 255 255 255 255 255 255 255 255 255 255 255 255 255 255 255 255 255 255 255 255 255 255 255 255 255 255 255 255 255 255 255 255 255 255 255 255 255 255 255
255 255 255 255 255 255 255 255 255 255 255 255 255 255 255 255 255 255 255 255 255 255 255 255 255 255 255 255 255 255 255 255 255 255 255 255 255 255 255 255 255 255 255 255 255 255 255 255 255 255 255 255 255 255 255 255 255
255 255 255 255 255 255 255 255 255 255 255 255 255 255 255 255 255 255 255 255 255 255 255 255 255 255 255 255 255 255 255 255 255 255 255 255 255 255 255 255 255 255 255 255 255 255 255 255 255 255 255 255 255 255 255 255 255
255 255 255 255 255 255 255 255 255 255 255 255 255 255 255 255 255 255 255 255 255 255 255 255 255 255 255 255 255 255 255 255 255 255 255 255 255 255 255 255 255 255 255 255 255 255 255 255 255 255 255 255 255 255 255 255 255
255 255 255 255 255 255 255 255 255 255 255 255 255 255 255 255 255 255 255 255 255 255 255 255 255 255 255 255 255 255 255 255 255 255 255 255 255 255 255 255 255 255 255 255 255 255 255 255 255 255 255 255 255 255 255 255 255
255 255 255 255 255 255 255 255 255 255 255 255 255 255 255 255 255 255 255 255 255 255 255 255 255 255 255 255 255 255 255 255 255 255 255 255 255 255 255 255 255 255 255 255 255 255 255 255 255 255 255 255 255 255 255 255 255
255 255 255 255 255 255 255 255 255 255 255 255 255 255 255 255 255 255 255 255 255 255 255 255 255 255 255 255 255 255 255 255 255 255 255 255 255 255 255 255 255 255 255 255 255 255 255 255 255 255 255 255 255 255 255 255 255
255 255 255 255 255 255 255 255 255 255 255 255 255 255 255 255 255 255 255 255 255 255 255 255 255 255 255 255 255 255 255 255 255 255 255 255 255 255 255 255 255 255 255 255 255 255 255 255 255 255 255 255 255 255 255 255 255
255 255 255 255 255 255 255 255 255 255 255 255 255 255 255 255 255 255 255 255 255 255 255 255 255 255 255 255 255 255 255 255 255 255 255 255 255 255 255 255 255 255 255 255 255 255 255 255 255 255 255 255 255 255 255 255 255
255 255 255 255 255 255 255 255 255 255 255 255 255 255 255 255 255 255 255 255 255 255 255 255 255 255 255 255 255 255 255 255 255 255 255 255 255 255 255 255 255 255 255 255 255 255 255 255 255 255 255 255 255 255 255 255 255
255 255 255 255 255 255 255 255 255 255 255 255 255 255 255 255 255 252 255 255 254 253 255 255 255 252 254 255 255 254 255 255 254 252 255 255 254 253 255 255 255 255 255 254 250 254 255 253 255 255 255 255 255 255 255 255 255
255 255 255 255 255 255 255 255 255 255 255 255 255 255 255 255 255 255 255 252 254 255 255 251 255 255 255 253 253 255 255 255 255 255 254 254 255 255 255 254 254 252 251 255 255 255 254 255 255 255 255 255 255 255 255 255 255
255 255 255 255 255 255 255 255 255 255 255 255 255 255 255 255 255 255 254 255 255 251 251 255 254 255 255 252 255 255 253 249 252 254 255 254 254 255 255 255 255 255 255 255 255 253 252 255 255 255 255 255 255 255 255 255 255
255 255 255 255 255 255 255 255 255 255 255 255 255 255 255 255 251 255 255 255 255 255 254 253 251 255 254 251 255 255 255 255 254 255 255 254 254 254 255 255 254 253 251 252 255 255 255 253 255 255 255 255 255 255 255 255 255
255 255 255 255 255 255 255 255 255 255 255 255 255 255 255 255 255 253 250 253 255 255 254 255 255 255 243 230 222 219 230 249 254 255 255 255 255 255 253 254 255 255 255 255 253 253 255 255 255 255 255 255 255 255 255 255 255
255 255 255 255 255 255 255 255 255 255 255 255 255 255 255 255 255 255 255 255 251 216 151 94 53 26 1 0 0 0 0 0 36 59 104 167 227 255 255 254 255 253 254 255 255 252 252 255 255 255 255 255 255 255 255 255 255
255 255 255 255 255 255 255 255 255 255 255 255 255 255 255 255 252 255 218 125 34 3 4 0 2 0 0 4 2 1 2 0 0 5 3 0 4 54 149 236 246 255 255 247 255 255 254 255 255 255 255 255 255 255 255 255 255
255 255 255 255 255 255 255 255 255 255 255 255 255 255 255 255 195 83 3 0 4 0 0 0 2 0 11 27 31 33 26 6 2 0 0 0 3 0 0 13 109 207 255 255 255 255 249 255 255 255 255 255 255 255 255 255 255
254 254 255 255 254 255 248 255 255 251 255 250 255 254 208 72 1 1 1 1 0 14 76 149 194 222 249 255 255 255 253 248 222 182 131 66 7 0 8 0 2 0 107 232 253 255 255 250 255 255 251 254 255 255 255 255 255
255 255 250 254 255 255 253 255 251 255 255 255 244 123 3 3 0 0 6 69 178 249 255 250 254 255 255 252 250 254 255 255 247 255 254 254 244 155 44 0 1 10 0 18 156 253 246 255 249 255 255 255 254 255 247 255 255
251 255 255 255 254 253 255 249 255 253 255 226 54 4 0 0 3 105 214 255 255 255 255 254 255 255 254 253 255 255 255 253 255 249 255 255 248 255 253 202 73 1 0 5 0 93 247 255 255 252 254 255 251 255 253 255 255
255 253 255 255 251 253 255 255 253 255 188 21 2 0 2 68 219 254 255 253 255 255 252 255 253 253 254 255 255 254 255 255 255 254 252 255 255 252 249 255 253 188 31 0 7 0 56 212 255 255 246 255 249 255 253 255 255
255 250 255 254 255 251 251 251 255 175 6 0 1 5 149 251 254 250 254 255 252 255 255 251 255 255 255 255 253 251 253 255 252 255 255 253 255 255 255 253 255 253 254 103 0 2 0 24 215 253 255 253 255 255 253 255 255
255 254 255 251 255 248 255 255 175 0 3 1 17 208 254 255 255 255 254 250 255 255 252 255 253 251 252 255 255 255 254 254 255 255 254 252 251 255 255 255 255 255 255 255 164 7 0 4 16 203 255 249 253 255 252 255 255
255 255 254 249 255 252 255 191 5 0 6 39 234 251 255 251 249 253 255 255 251 251 255 255 255 255 255 254 255 255 255 255 255 252 255 255 252 249 254 255 255 252 254 253 251 203 18 0 0 31 223 255 255 251 255 255 255
255 254 254 255 255 252 226 22 1 0 41 230 255 252 255 255 255 255 252 254 255 255 254 255 251 254 255 255 255 254 254 254 252 255 254 254 255 255 255 254 255 250 255 255 255 255 202 17 0 0 59 249 252 255 255 252 255
255 255 255 255 250 248 62 1 0 26 230 255 255 254 255 253 255 255 255 255 255 255 255 255 255 255 255 255 255 255 255 255 255 255 255 255 255 255 255 255 255 252 255 254 249 255 249 201 3 0 3 107 250 255 252 255 255
253 255 248 255 255 127 0 0 3 193 255 255 245 255 251 255 255 255 255 255 255 255 255 255 255 255 255 255 255 255 255 255 255 255 255 255 255 255 255 255 255 252 254 254 253 255 255 248 148 4 0 7 182 247 255 250 255
255 253 255 250 217 10 3 1 142 255 253 255 251 255 253 255 255 255 255 255 255 255 255 255 255 255 255 255 255 255 255 255 255 255 255 255 255 255 255 255 254 255 254 255 255 252 253 255 253 88 4 1 29 255 253 253 255
248 255 255 255 76 4 0 55 247 255 255 250 255 255 251 255 255 255 255 255 255 255 255 255 255 255 255 255 255 255 255 255 255 255 255 255 255 255 255 255 252 255 255 253 255 255 250 252 255 240 20 0 2 129 252 255 255
255 246 254 210 0 2 0 208 255 255 250 254 255 255 252 255 255 255 255 255 255 255 255 255 255 255 255 255 255 255 255 255 255 255 255 255 255 255 255 255 255 255 255 251 253 255 255 254 255 254 156 0 2 11 240 254 255
254 255 254 94 0 8 95 255 255 249 252 255 251 255 255 250 255 255 255 255 255 255 255 255 255 255 255 255 255 255 255 255 255 255 255 255 255 255 255 255 255 252 254 255 253 254 255 255 254 254 248 51 0 4 151 254 255
251 255 231 1 5 0 213 251 249 255 255 246 253 254 255 255 255 255 255 255 255 255 255 255 255 255 255 255 255 255 255 255 255 255 255 255 255 255 255 255 255 252 255 255 255 251 251 252 255 255 255 154 0 0 34 251 255
255 254 136 1 1 65 255 255 255 255 248 255 255 248 255 252 255 255 255 255 255 255 255 255 255 255 255 255 255 255 255 255 255 255 255 255 255 255 255 255 255 255 254 253 255 255 255 255 255 255 250 246 18 6 0 190 255
255 255 52 0 0 166 254 255 255 255 255 255 255 255 255 255 255 255 255 255 255 255 255 255 255 255 255 255 255 255 255 255 255 255 255 255 255 255 255 255 255 255 255 255 255 255 255 255 253 255 249 255 110 6 1 100 255
255 224 3 0 16 236 255 249 255 255 255 255 255 255 255 255 255 255 255 255 255 255 255 255 255 255 255 255 255 255 255 255 255 255 255 255 255 255 255 255 255 255 255 255 255 255 255 255 255 255 254 255 192 0 0 35 254
250 168 0 0 63 255 255 255 255 255 255 255 255 255 255 255 255 255 255 255 255 255 255 255 255 255 255 255 255 255 255 255 255 255 255 255 255 255 255 255 255 255 255 255 255 255 255 255 255 252 253 255 255 18 0 0 218
253 110 5 0 132 251 255 255 255 255 255 255 255 255 255 255 255 255 255 255 255 255 255 255 255 255 255 255 255 255 255 255 255 255 255 255 255 255 255 255 255 255 255 255 255 255 255 255 255 251 255 249 255 71 5 1 166
255 72 0 1 179 255 254 251 255 255 255 255 255 255 255 255 255 255 255 255 255 255 255 255 255 255 255 255 255 255 255 255 255 255 255 255 255 255 255 255 255 255 255 255 255 255 255 255 255 255 255 255 251 121 1 0 129
252 44 0 1 208 253 255 255 255 255 255 255 255 255 255 255 255 255 255 255 255 255 255 255 255 255 255 255 255 255 255 255 255 255 255 255 255 255 255 255 255 255 255 255 255 255 255 255 255 254 253 255 255 154 2 0 95
251 11 1 0 241 255 255 254 255 255 255 255 255 255 255 255 255 255 255 255 255 255 255 255 255 255 255 255 255 255 255 255 255 255 255 255 255 255 255 255 255 255 255 255 255 255 255 255 255 252 252 255 255 188 3 1 60
247 0 2 10 255 255 246 255 255 255 255 255 255 255 255 255 255 255 255 255 255 255 255 255 255 255 255 255 255 255 255 255 255 255 255 255 255 255 255 255 255 255 255 255 255 255 255 255 254 255 255 254 253 216 0 3 43
238 1 5 14 255 253 255 254 255 255 255 255 255 255 255 255 255 255 255 255 255 255 255 255 255 255 255 255 255 255 255 255 255 255 255 255 255 255 255 255 255 255 255 255 255 255 255 255 255 252 255 252 253 217 1 0 36
245 0 1 6 255 251 255 255 255 255 255 255 255 255 255 255 255 255 255 255 255 255 255 255 255 255 255 255 255 255 255 255 255 255 255 255 255 255 255 255 255 255 255 255 255 255 255 255 255 252 255 254 255 216 1 0 39
248 0 0 5 255 253 255 255 255 255 255 255 255 255 255 255 255 255 255 255 255 255 255 255 255 255 255 255 255 255 255 255 255 255 255 255 255 255 255 255 255 255 255 255 255 255 255 255 254 254 255 254 255 204 0 0 45
252 24 0 4 227 255 253 255 255 255 255 255 255 255 255 255 255 255 255 255 255 255 255 255 255 255 255 255 255 255 255 255 255 255 255 255 255 255 255 255 255 255 255 255 255 255 255 255 254 255 255 254 253 177 0 2 72
255 52 0 0 197 253 255 255 255 255 255 255 255 255 255 255 255 255 255 255 255 255 255 255 255 255 255 255 255 255 255 255 255 255 255 255 255 255 255 255 255 255 255 255 255 255 255 255 255 255 253 255 255 145 0 1 107
255 83 0 0 168 252 255 253 255 255 255 255 255 255 255 255 255 255 255 255 255 255 255 255 255 255 255 255 255 255 255 255 255 255 255 255 255 255 255 255 255 255 255 255 255 255 255 255 255 255 251 255 255 105 2 0 141
252 136 0 1 106 255 255 251 255 255 255 255 255 255 255 255 255 255 255 255 255 255 255 255 255 255 255 255 255 255 255 255 255 255 255 255 255 255 255 255 255 255 255 255 255 255 255 255 255 254 254 255 249 54 0 0 179
255 189 0 0 36 255 252 255 255 255 255 255 255 255 255 255 255 255 255 255 255 255 255 255 255 255 255 255 255 255 255 255 255 255 255 255 255 255 255 255 255 255 255 255 255 255 255 255 254 255 255 254 235 13 0 4 239
255 247 9 1 0 217 255 255 255 249 254 255 255 246 255 254 255 255 255 255 255 255 255 255 255 255 255 255 255 255 255 255 255 255 255 255 255 255 255 255 255 255 255 255 255 255 255 255 255 249 255 251 170 0 2 53 255
253 249 78 8 0 136 247 252 251 254 255 246 255 255 255 254 255 255 255 255 255 255 255 255 255 255 255 255 255 255 255 255 255 255 255 255 255 255 255 255 255 255 255 255 255 255 255 255 254 254 250 255 67 6 0 137 255
255 255 174 3 0 29 248 255 255 253 255 254 255 248 251 255 255 255 255 255 255 255 255 255 255 255 255 255 255 255 255 255 255 255 255 255 255 255 255 255 255 255 255 255 255 255 255 255 254 255 255 220 0 1 0 225 255
252 255 242 26 2 0 173 248 255 255 249 255 255 252 255 255 255 255 255 255 255 255 255 255 255 255 255 255 255 255 255 255 255 255 255 255 255 255 255 255 255 255 255 255 255 255 255 255 248 255 247 118 2 1 78 253 255
254 254 254 137 0 1 42 254 251 255 255 248 252 255 253 255 255 255 255 255 255 255 255 255 255 255 255 255 255 255 255 255 255 255 255 255 255 255 255 255 255 255 255 255 255 255 255 255 255 248 241 8 0 5 183 253 255
252 255 255 236 9 0 2 158 255 247 255 255 250 255 251 255 255 255 255 255 255 255 255 255 255 255 255 255 255 255 255 255 255 255 255 255 255 255 255 255 255 255 255 255 255 255 255 255 255 254 105 3 3 43 249 255 255
255 254 246 255 132 1 1 16 236 255 255 255 248 255 254 254 255 255 255 255 255 255 255 255 255 255 255 255 255 255 255 255 255 255 255 255 255 255 255 255 255 255 255 255 255 255 255 255 255 199 0 0 0 186 255 252 255
250 255 255 244 255 29 4 0 72 248 255 250 255 252 253 255 255 255 255 255 255 255 255 255 255 255 255 255 255 255 255 255 255 255 255 255 255 255 255 255 255 255 255 255 255 255 255 255 234 34 3 1 81 255 255 254 255
252 255 253 250 255 189 0 0 0 130 254 255 249 255 255 255 253 255 252 255 255 253 254 255 255 255 255 255 255 255 255 255 253 255 255 251 254 255 255 255 255 252 255 248 255 252 255 252 77 0 0 21 228 251 255 255 255
255 248 255 254 255 254 131 3 1 2 174 252 255 253 255 252 255 255 253 252 253 252 255 252 255 255 255 255 255 255 255 255 255 254 255 255 255 251 252 254 255 254 251 254 254 255 247 121 0 2 4 173 255 255 255 253 255
252 255 244 255 255 252 255 68 0 0 3 181 255 254 251 255 253 255 255 254 254 255 255 253 255 255 255 255 255 255 255 255 255 252 253 255 255 255 255 255 255 248 255 255 254 251 137 0 5 0 123 253 255 253 254 255 255
255 251 255 250 255 250 255 240 36 2 1 2 161 255 255 255 253 252 252 255 255 254 255 253 255 255 255 255 255 255 255 255 253 255 255 255 252 251 252 255 250 255 251 255 254 120 5 0 2 73 254 255 254 255 252 255 255
254 252 255 255 251 251 255 249 237 37 2 0 6 110 253 249 255 255 255 254 255 252 255 255 255 255 255 255 255 255 255 255 255 255 253 252 255 255 254 255 255 255 249 237 78 0 0 1 72 251 254 255 252 255 255 253 255
250 255 249 255 255 255 251 255 251 233 46 0 2 0 60 218 250 251 255 255 253 253 255 253 255 255 255 255 255 255 255 255 253 254 252 255 255 255 251 255 255 252 197 20 0 2 3 77 254 252 255 249 255 246 255 253 255
255 255 255 255 254 255 250 248 255 243 254 83 0 3 0 8 135 236 255 245 255 255 246 255 255 255 255 255 255 255 255 255 253 255 255 254 249 255 255 248 222 98 0 7 3 0 133 251 251 255 252 251 255 255 255 253 255
255 253 254 255 252 255 255 255 255 255 251 255 150 4 0 0 0 26 127 231 254 249 255 255 255 255 255 255 255 255 255 255 255 252 255 253 255 255 205 111 11 2 0 1 13 189 250 255 255 250 255 255 253 255 251 255 255
255 255 255 255 255 255 255 255 255 252 255 249 255 204 56 0 0 0 0 9 78 176 234 255 253 255 255 255 254 254 255 255 255 253 255 228 149 61 1 0 0 2 0 91 229 255 244 254 255 255 255 255 255 255 255 255 255
255 255 255 255 255 255 255 255 251 255 255 255 245 255 255 164 30 2 0 0 9 2 3 54 100 134 169 189 199 200 181 157 119 91 42 0 6 6 0 2 0 55 192 254 247 255 255 255 255 255 255 255 255 255 255 255 255
255 255 255 255 255 255 255 255 255 255 245 255 255 248 255 250 254 179 66 1 0 0 2 0 0 0 0 0 2 2 2 1 1 4 0 4 1 0 10 85 198 255 255 255 255 247 255 251 255 255 255 255 255 255 255 255 255
255 255 255 255 255 255 255 255 254 249 255 255 255 255 251 255 255 244 255 217 130 53 2 0 0 0 0 0 0 1 0 0 2 0 2 4 72 150 227 255 255 248 255 250 248 255 252 253 255 255 255 255 255 255 255 255 255
255 255 255 255 255 255 255 255 255 250 255 255 249 255 255 252 252 255 253 254 254 255 246 182 154 118 83 67 56 52 67 90 127 152 196 252 252 255 251 255 254 255 252 255 255 252 255 255 255 255 255 255 255 255 255 255 255
255 255 255 255 255 255 255 255 252 255 254 252 255 255 252 254 254 253 255 253 253 255 252 255 249 255 255 252 254 255 255 247 255 255 255 251 255 253 255 255 254 255 253 255 255 254 255 254 255 255 255 255 255 255 255 255 255
255 255 255 255 255 255 255 255 255 251 255 254 251 255 254 255 255 255 250 255 255 246 253 255 255 255 253 253 254 255 255 255 251 255 250 255 253 254 254 254 253 255 255 252 254 255 253 255 255 255 255 255 255 255 255 255 255
255 255 255 255 255 255 255 255 252 255 252 255 255 252 255 255 254 255 253 255 253 255 255 252 255 254 254 255 255 254 253 254 255 255 252 255 255 251 255 253 252 255 255 255 255 254 255 254 255 255 255 255 255 255 255 255 255
255 255 255 255 255 255 255 255 255 255 255 255 255 255 255 255 255 255 255 255 255 255 255 255 255 255 255 255 255 255 255 255 255 255 255 255 255 255 255 255 255 255 255 255 255 255 255 255 255 255 255 255 255 255 255 255 255
255 255 255 255 255 255 255 255 255 255 255 255 255 255 255 255 255 255 255 255 255 255 255 255 255 255 255 255 255 255 255 255 255 255 255 255 255 255 255 255 255 255 255 255 255 255 255 255 255 255 255 255 255 255 255 255 255
255 255 255 255 255 255 255 255 255 255 255 255 255 255 255 255 255 255 255 255 255 255 255 255 255 255 255 255 255 255 255 255 255 255 255 255 255 255 255 255 255 255 255 255 255 255 255 255 255 255 255 255 255 255 255 255 255
255 255 255 255 255 255 255 255 255 255 255 255 255 255 255 255 255 255 255 255 255 255 255 255 255 255 255 255 255 255 255 255 255 255 255 255 255 255 255 255 255 255 255 255 255 255 255 255 255 255 255 255 255 255 255 255 255
255 255 255 255 255 255 255 255 255 255 255 255 255 255 255 255 255 255 255 255 255 255 255 255 255 255 255 255 255 255 255 255 255 255 255 255 255 255 255 255 255 255 255 255 255 255 255 255 255 255 255 255 255 255 255 255 255
255 255 255 255 255 255 255 255 255 255 255 255 255 255 255 255 255 255 255 255 255 255 255 255 255 255 255 255 255 255 255 255 255 255 255 255 255 255 255 255 255 255 255 255 255 255 255 255 255 255 255 255 255 255 255 255 255
255 255 255 255 255 255 255 255 255 255 255 255 255 255 255 255 255 255 255 255 255 255 255 255 255 255 255 255 255 255 255 255 255 255 255 255 255 255 255 255 255 255 255 255 255 255 255 255 255 255 255 255 255 255 255 255 255
255 255 255 255 255 255 255 255 255 255 255 255 255 255 255 255 255 255 255 255 255 255 255 255 255 255 255 255 255 255 255 255 255 255 255 255 255 255 255 255 255 255 255 255 255 255 255 255 255 255 255 255 255 255 255 255 255
255 255 255 255 255 255 255 255 255 255 255 255 255 255 255 255 255 255 255 255 255 255 255 255 255 255 255 255 255 255 255 255 255 255 255 255 255 255 255 255 255 255 255 255 255 255 255 255 255 255 255 255 255 255 255 255 255
255 255 255 255 255 255 255 255 255 255 255 255 255 255 255 255 255 255 255 255 255 255 255 255 255 255 255 255 255 255 255 255 255 255 255 255 255 255 255 255 255 255 255 255 255 255 255 255 255 255 255 255 255 255 255 255 255
255 255 255 255 255 255 255 255 255 255 255 255 255 255 255 255 255 255 255 255 255 255 255 255 255 255 255 255 255 255 255 255 255 255 255 255 255 255 255 255 255 255 255 255 255 255 255 255 255 255 255 255 255 255 255 255 255
255 255 255 255 255 255 255 255 255 255 255 255 255 255 255 255 255 255 255 255 255 255 255 255 255 255 255 255 255 255 255 255 255 255 255 255 255 255 255 255 255 255 255 255 255 255 255 255 255 255 255 255 255 255 255 255 255
255 255 255 255 255 255 255 255 255 255 255 255 255 255 255 255 255 255 255 255 255 255 255 255 255 255 255 255 255 255 255 255 255 255 255 255 255 255 255 255 255 255 255 255 255 255 255 255 255 255 255 255 255 255 255 255 255
255 255 255 255 255 255 255 255 255 255 255 255 255 255 255 255 255 255 255 255 255 255 255 255 255 255 255 255 255 255 255 255 255 255 255 255 255 255 255 255 255 255 255 255 255 255 255 255 255 255 255 255 255 255 255 255 255
255 255 255 255 255 255 255 255 255 255 255 255 255 255 255 255 255 255 255 255 255 255 255 255 255 255 255 255 255 255 255 255 255 255 255 255 255 255 255 255 255 255 255 255 255 255 255 255 255 255 255 255 255 255 255 255 255
255 255 255 255 255 255 255 255 255 255 255 255 255 255 255 255 255 255 255 255 255 255 255 255 255 255 255 255 255 255 255 255 255 255 255 255 255 255 255 255 255 255 255 255 255 255 255 255 255 255 255 255 255 255 255 255 255
255 255 255 255 255 255 255 255 255 255 255 255 255 255 255 255 255 255 255 255 255 255 255 255 255 255 255 255 255 255 255 255 255 255 255 255 255 255 255 255 255 255 255 255 255 255 255 255 255 255 255 255 255 255 255 255 255
255 255 255 255 255 255 255 255 255 255 255 255 255 255 255 255 255 255 255 255 255 255 255 255 255 255 255 255 255 255 255 255 255 255 255 255 255 255 255 255 255 255 255 255 255 255 255 255 255 255 255 255 255 255 255 255 255
255 255 255 255 255 255 255 255 255 255 255 255 255 255 255 255 255 255 255 255 255 255 255 255 255 255 255 255 255 255 255 255 255 255 255 255 255 255 255 255 255 255 255 255 255 255 255 255 255 255 255 255 255 255 255 255 255
255 255 255 255 255 255 255 255 255 255 255 255 255 255 255 255 255 255 255 255 255 255 255 255 255 255 255 255 255 255 255 255 255 255 255 255 255 255 255 255 255 255 255 255 255 255 255 255 255 255 255 255 255 255 255 255 255
255 255 255 255 255 255 255 255 255 255 255 255 255 255 255 255 255 255 255 255 255 255 255 255 255 255 255 255 255 255 255 255 255 255 255 255 255 255 255 255 255 255 255 255 255 255 255 255 255 255 255 255 255 255 255 255 255
255 255 255 255 255 255 255 255 255 255 255 255 255 255 255 255 255 255 255 255 255 255 255 255 255 255 255 255 255 255 255 255 255 255 255 255 255 255 255 255 255 255 255 255 255 255 255 255 255 255 255 255 255 255 255 255 255
255 255 255 255 255 255 255 255 255 255 255 255 255 255 255 255 255 255 255 255 255 255 255 255 255 255 255 255 255 255 255 255 255 255 255 255 255 255 255 255 255 255 255 255 255 255 255 255 255 255 255 255 255 255 255 255 255
255 255 255 255 255 255 255 255 255 255 255 255 255 255 255 255 255 255 255 255 255 255 255 255 255 255 255 255 255 255 255 255 255 255 255 255 255 255 255 255 255 255 255 255 255 255 255 255 255 255 255 255 255 255 255 255 255
255 255 255 255 255 255 255 255 255 255 255 255 255 255 255 255 255 255 255 255 255 255 255 255 255 255 255 255 255 255 255 255 255 255 255 255 255 255 255 255 255 255 255 255 255 255 255 255 255 255 255 255 255 255 255 255 255
255 255 255 255 255 255 255 255 255 255 255 255 255 255 255 255 255 255 255 255 255 255 255 255 255 255 255 255 255 255 255 255 255 255 255 255 255 255 255 255 255 255 255 255 255 255 255 255 255 255 255 255 255 255 255 255 255
255 255 255 255 255 255 255 255 255 255 255 255 255 255 255 255 255 255 255 255 255 255 255 255 255 255 255 255 255 255 255 255 255 255 255 255 255 255 255 255 255 255 255 255 255 255 255 255 255 255 255 255 255 255 255 255 255
255 255 255 255 255 255 255 255 255 255 255 255 255 255 255 255 255 255 255 255 255 255 255 255 255 255 255 255 255 255 255 255 255 255 255 255 255 255 255 255 255 255 255 255 255 255 255 255 255 255 255 255 255 255 255 255 255
255 255 255 255 255 255 255 255 255 255 255 255 255 255 255 255 255 255 255 255 255 255 255 255 255 255 255 255 255 255 255 255 255 255 255 255 255 255 255 255 255 255 255 255 255 255 255 255 255 255 255 255 255 255 255 255 255
255 255 255 255 255 255 255 255 255 255 255 255 255 255 255 255 255 255 255 255 255 255 255 255 255 255 255 255 255 255 255 255 255 255 255 255 255 255 255 255 255 255 255 255 255 255 255 255 255 255 255 255 255 255 255 255 255
255 255 255 255 255 255 255 255 255 255 255 255 255 255 255 255 255 255 255 255 255 255 255 255 255 255 255 255 255 255 255 255 255 255 255 255 255 255 255 255 255 255 255 255 255 255 255 255 255 255 255 255 255 255 255 255 255
255 255 255 255 255 255 255 255 255 255 255 255 255 255 255 255 255 255 255 255 255 255 255 255 255 255 255 255 255 255 255 255 255 255 255 255 255 255 255 255 255 255 255 255 255 255 255 255 255 255 255 255 255 255 255 255 255
255 255 255 255 255 255 255 255 255 255 255 255 255 255 255 255 255 255 255 255 255 255 255 255 255 255 255 255 255 255 255 255 255 255 255 255 255 255 255 255 255 255 255 255 255 255 255 255 255 255 255 255 255 255 255 255 255
255 255 255 255 255 255 255 255 255 255 255 255 255 255 255 255 255 255 255 255 255 255 255 255 255 255 255 255 255 255 255 255 255 255 255 255 255 255 255 255 255 255 255 255 255 255 255 255 255 255 255 255 255 255 255 255 255
255 255 255 255 255 255 255 255 255 255 255 255 255 255 255 255 255 255 255 255 255 255 255 255 255 255 255 255 255 255 255 255 255 255 255 255 255 255 255 255 255 255 255 255 255 255 255 255 255 255 255 255 255 255 255 255 255
255 255 255 255 255 255 255 255 255 255 255 255 255 255 255 255 255 255 255 255 255 255 255 255 255 255 255 255 255 255 255 255 255 255 255 255 255 255 255 255 255 255 255 255 255 255 255 255 255 255 255 255 255 255 255 255 255
255 255 255 255 255 255 255 255 255 255 255 255 255 255 255 255 255 255 255 255 255 255 255 255 255 255 255 255 255 255 255 255 255 255 255 255 255 255 255 255 255 255 255 255 255 255 255 255 255 255 255 255 255 255 255 255 255
255 255 255 255 255 255 255 255 255 255 255 255 255 255 255 255 255 255 255 255 255 255 255 255 255 255 255 255 255 255 255 255 255 255 255 255 255 255 255 255 255 255 255 255 255 255 255 255 255 255 255 255 255 255 255 255 255
255 255 255 255 255 255 255 255 255 255 255 255 255 255 255 255 255 255 255 255 255 255 255 255 255 255 255 255 255 255 255 255 255 255 255 255 255 255 255 255 255 255 255 255 255 255 255 255 255 255 255 255 255 255 255 255 255
255 255 255 255 255 255 255 255 255 255 255 255 255 255 255 255 255 255 255 255 255 255 255 255 255 255 255 255 255 255 255 255 255 255 255 255 255 255 255 255 255 255 255 255 255 255 255 255 255 255 255 255 255 255 255 255 255
255 255 255 255 255 255 255 255 255 255 255 255 255 255 255 255 255 255 255 255 255 255 255 255 255 255 255 255 255 255 255 255 255 255 255 255 255 255 255 255 255 255 255 255 255 255 255 255 255 255 255 255 255 255 255 255 255
255 255 255 255 255 255 255 255 255 255 255 255 255 255 255 255 255 255 255 255 255 255 255 255 255 255 255 255 255 255 255 255 255 255 255 255 255 255 255 255 255 255 255 255 255 255 255 255 255 255 255 255 255 255 255 255 255
255 255 255 255 255 255 255 255 255 255 255 255 255 255 255 255 255 255 255 255 255 255 255 255 255 255 255 255 255 255 255 255 255 255 255 255 255 255 255 255 255 255 255 255 255 255 255 255 255 255 255 255 255 255 255 255 255
255 255 255 255 255 255 255 255 255 255 255 255 255 255 255 255 255 255 255 255 255 255 255 255 255 255 255 255 255 255 255 255 255 255 255 255 255 255 255 255 255 255 255 255 255 255 255 255 255 255 255 255 255 255 255 255 255
255 255 255 255 255 255 255 255 255 255 255 255 255 255 255 255 255 255 255 255 255 255 255 255 255 255 255 255 255 255 255 255 255 255 255 255 255 255 255 255 255 255 255 255 255 255 255 255 255 255 255 255 255 255 255 255 255
255 255 255 255 255 255 255 255 255 255 255 255 255 255 255 255 255 255 255 255 255 255 255 255 255 255 255 255 255 255 255 255 255 255 255 255 255 255 255 255 255 255 255 255 255 255 255 255 255 255 255 255 255 255 255 255 255
255 255 255 255 255 255 255 255 255 255 255 255 255 255 255 255 255 255 255 255 255 255 255 255 255 255 255 255 255 255 255 255 255 255 255 255 255 255 255 255 255 255 255 255 255 255 255 255 255 255 255 255 255 255 255 255 255
255 255 255 255 255 255 255 255 255 255 255 255 255 255 255 255 255 255 255 255 255 255 255 255 255 255 255 255 255 255 255 255 255 255 255 255 255 255 255 255 255 255 255 255 255 255 255 255 255 255 255 255 255 255 255 255 255
255 255 255 255 255 255 255 255 255 255 251 255 255 251 255 253 254 255 252 255 255 251 253 253 254 252 254 255 255 255 254 255 254 255 255 255 254 255 255 254 255 255 255 252 254 255 253 255 255 255 255 255 255 255 255 255 255
255 255 255 255 255 255 255 255 255 253 255 251 247 255 255 254 255 255 252 255 255 250 255 255 255 255 254 253 252 252 254 255 253 255 255 253 255 250 247 255 250 255 255 255 255 255 253 252 255 255 255 255 255 255 255 255 255
255 255 255 255 255 255 255 255 255 255 250 255 255 251 246 255 255 247 255 255 252 255 255 250 249 255 255 253 255 255 255 250 255 249 252 255 255 255 255 253 254 255 248 254 255 249 255 255 255 255 255 255 255 255 255 255 255
255 255 255 255 255 255 255 255 255 254 255 253 250 255 255 252 252 255 255 254 254 255 244 197 163 129 95 79 69 65 81 105 137 168 213 248 255 254 252 255 255 250 255 254 255 255 243 255 255 255 255 255 255 255 255 255 255
255 255 255 255 255 255 255 255 250 254 255 251 254 255 249 255 254 251 255 222 148 63 2 8 2 1 0 0 0 0 0 0 0 0 0 15 71 164 235 255 255 255 252 253 253 255 255 250 255 255 255 255 255 255 255 255 255
255 255 255 255 255 255 255 255 254 255 246 255 255 249 255 250 255 188 75 5 0 2 3 0 0 0 0 0 1 1 1 1 0 6 0 2 10 0 16 97 207 255 255 255 255 250 255 255 255 255 255 255 255 255 255 255 255
255 255 255 255 255 255 255 255 255 255 247 255 252 253 255 174 36 4 0 0 4 0 0 36 85 120 156 177 188 189 172 149 112 80 27 0 0 3 0 3 7 60 204 255 250 255 249 253 255 255 255 255 255 255 255 255 255
255 255 255 255 255 255 255 255 253 252 255 247 255 213 69 1 3 0 0 5 65 162 229 255 254 255 255 255 254 253 254 255 255 255 252 219 138 49 3 0 0 4 0 98 234 255 249 255 255 255 255 255 255 255 255 255 255
255 252 255 255 251 254 255 255 255 252 255 255 157 7 0 3 1 20 109 218 255 253 255 251 255 255 255 255 255 255 255 255 255 252 255 255 255 255 194 97 7 0 0 0 28 194 248 255 255 254 255 251 253 255 250 255 255
255 255 252 255 255 255 253 248 251 255 248 94 0 1 0 1 112 228 255 251 255 255 247 255 255 255 255 255 255 255 255 255 251 255 255 255 248 255 255 251 218 85 6 0 0 3 147 249 255 255 255 253 255 253 255 249 255
251 255 249 255 255 255 250 255 255 227 63 0 4 1 51 211 255 255 255 252 249 253 255 251 255 255 255 255 255 255 255 255 255 255 251 253 255 255 251 255 255 252 175 29 0 4 0 94 254 249 255 255 254 248 255 255 255
255 251 255 255 250 254 255 249 236 48 0 3 3 92 250 249 252 255 253 252 255 255 255 254 255 255 255 255 255 255 255 255 251 255 255 254 255 255 254 255 255 255 255 230 61 1 0 1 80 255 255 250 255 255 255 254 255
255 255 255 252 255 242 255 240 45 1 0 0 156 255 251 255 255 254 254 255 253 247 255 255 255 255 255 255 255 255 255 255 254 255 255 255 255 255 254 252 251 255 252 253 255 106 5 0 6 85 253 255 249 255 248 255 255
255 251 254 253 253 255 250 77 3 0 4 168 255 250 255 255 255 255 252 255 255 255 255 253 255 255 255 255 255 255 255 255 255 254 255 255 254 252 255 255 255 250 255 251 255 253 117 2 1 0 134 253 255 251 255 254 255
255 255 255 255 255 249 144 4 0 4 159 251 255 255 255 249 253 255 254 255 255 254 255 252 255 255 255 255 255 255 255 255 254 249 251 255 254 252 254 255 255 249 255 252 255 251 255 111 0 5 11 183 252 255 255 249 255
254 255 255 249 255 197 0 0 0 120 254 255 253 253 252 255 255 255 253 255 255 253 255 255 255 255 255 255 255 255 255 255 255 255 255 254 255 255 255 255 255 251 255 255 254 255 254 252 72 0 0 19 234 253 255 255 255
250 255 255 249 251 39 4 0 63 247 255 253 255 255 254 255 255 255 255 255 255 255 255 255 255 255 255 255 255 255 255 255 255 255 255 255 255 255 255 255 255 255 255 255 255 255 255 255 231 31 1 0 91 251 255 250 255
255 252 251 255 135 0 1 14 230 255 254 255 244 255 253 254 255 255 255 255 255 255 255 255 255 255 255 255 255 255 255 255 255 255 255 255 255 255 255 255 255 255 255 255 255 255 255 255 255 190 0 0 0 196 255 255 255
255 253 254 232 19 0 1 147 254 248 255 255 247 255 248 255 255 255 255 255 255 255 255 255 255 255 255 255 255 255 255 255 255 255 255 255 255 255 255 255 255 255 255 255 255 255 255 255 255 255 97 8 1 47 247 255 255
253 255 255 145 0 1 36 252 252 255 252 251 250 255 251 255 255 255 255 255 255 255 255 255 255 255 255 255 255 255 255 255 255 255 255 255 255 255 255 255 255 255 255 255 255 255 255 255 255 250 229 9 0 6 191 255 255
251 255 245 31 2 0 169 251 255 255 246 255 255 254 255 255 255 255 255 255 255 255 255 255 255 255 255 255 255 255 255 255 255 255 255 255 255 255 255 255 255 255 255 255 255 255 255 255 255 255 252 111 1 3 75 254 255
255 251 179 0 6 21 251 255 255 254 255 255 253 251 251 255 255 255 255 255 255 255 255 255 255 255 255 255 255 255 255 255 255 255 255 255 255 255 255 255 255 255 255 255 255 255 255 255 255 255 255 211 1 0 2 229 255
251 245 91 0 0 122 251 252 249 255 255 247 255 255 255 253 255 255 255 255 255 255 255 255 255 255 255 255 255 255 255 255 255 255 255 255 255 255 255 255 255 255 255 255 255 255 255 255 253 255 246 255 67 0 5 136 255
255 248 12 0 2 218 255 254 255 252 255 255 254 249 255 252 255 255 255 255 255 255 255 255 255 255 255 255 255 255 255 255 255 255 255 255 255 255 255 255 255 255 255 255 255 255 255 255 255 248 255 253 162 2 0 58 255
255 193 0 2 32 255 250 255 255 255 255 255 255 255 255 255 255 255 255 255 255 255 255 255 255 255 255 255 255 255 255 255 255 255 255 255 255 255 255 255 255 255 255 255 255 255 255 255 254 255 255 255 234 8 0 5 242
248 136 0 2 103 255 255 255 255 255 255 255 255 255 255 255 255 255 255 255 255 255 255 255 255 255 255 255 255 255 255 255 255 255 255 255 255 255 255 255 255 255 255 255 255 255 255 255 255 255 252 255 249 49 0 1 182
255 86 0 0 164 253 255 253 255 255 255 255 255 255 255 255 255 255 255 255 255 255 255 255 255 255 255 255 255 255 255 255 255 255 255 255 255 255 255 255 255 255 255 255 255 255 255 255 255 255 249 255 255 100 2 0 144
255 56 0 0 193 254 254 255 255 255 255 255 255 255 255 255 255 255 255 255 255 255 255 255 255 255 255 255 255 255 255 255 255 255 255 255 255 255 255 255 255 255 255 255 255 255 255 255 255 255 252 255 255 141 0 1 109
250 24 0 5 224 255 255 255 255 255 255 255 255 255 255 255 255 255 255 255 255 255 255 255 255 255 255 255 255 255 255 255 255 255 255 255 255 255 255 255 255 255 255 255 255 255 255 255 253 255 254 255 254 174 0 1 75
248 1 0 6 253 255 255 255 255 255 255 255 255 255 255 255 255 255 255 255 255 255 255 255 255 255 255 255 255 255 255 255 255 255 255 255 255 255 255 255 255 255 255 255 255 255 255 255 252 255 254 255 255 202 0 0 46
248 0 0 8 255 252 255 253 255 255 255 255 255 255 255 255 255 255 255 255 255 255 255 255 255 255 255 255 255 255 255 255 255 255 255 255 255 255 255 255 255 255 255 255 255 255 255 255 255 253 255 255 255 215 3 0 40
237 1 2 15 252 255 255 255 255 255 255 255 255 255 255 255 255 255 255 255 255 255 255 255 255 255 255 255 255 255 255 255 255 255 255 255 255 255 255 255 255 255 255 255 255 255 255 255 255 254 255 253 255 216 3 0 36
246 0 0 8 253 254 252 255 255 255 255 255 255 255 255 255 255 255 255 255 255 255 255 255 255 255 255 255 255 255 255 255 255 255 255 255 255 255 255 255 255 255 255 255 255 255 255 255 255 251 255 249 255 212 0 2 43
248 12 0 0 243 255 255 251 255 255 255 255 255 255 255 255 255 255 255 255 255 255 255 255 255 255 255 255 255 255 255 255 255 255 255 255 255 255 255 255 255 255 255 255 255 255 255 255 254 254 254 250 255 189 5 0 58
254 42 0 0 208 254 255 255 255 255 255 255 255 255 255 255 255 255 255 255 255 255 255 255 255 255 255 255 255 255 255 255 255 255 255 255 255 255 255 255 255 255 255 255 255 255 255 255 254 255 254 255 252 158 2 0 93
255 68 0 0 177 255 251 255 255 255 255 255 255 255 255 255 255 255 255 255 255 255 255 255 255 255 255 255 255 255 255 255 255 255 255 255 255 255 255 255 255 255 255 255 255 255 255 255 255 255 253 255 249 123 0 2 127
253 103 7 0 135 255 251 255 255 255 255 255 255 255 255 255 255 255 255 255 255 255 255 255 255 255 255 255 255 255 255 255 255 255 255 255 255 255 255 255 255 255 255 255 255 255 255 255 255 253 250 255 255 74 0 3 162
250 165 0 0 64 255 255 255 255 255 255 255 255 255 255 255 255 255 255 255 255 255 255 255 255 255 255 255 255 255 255 255 255 255 255 255 255 255 255 255 255 255 255 255 255 255 255 255 253 255 254 255 253 22 0 0 216
255 226 0 0 15 236 255 250 255 255 255 255 255 255 255 255 255 255 255 255 255 255 255 255 255 255 255 255 255 255 255 255 255 255 255 255 255 255 255 255 255 255 255 255 255 255 255 255 253 255 255 255 194 0 0 32 254
251 255 49 0 1 167 255 254 255 255 255 255 255 255 255 255 255 255 255 255 255 255 255 255 255 255 255 255 255 255 255 255 255 255 255 255 255 255 255 255 255 255 255 255 255 255 255 255 255 255 251 253 118 3 1 99 254
252 250 135 0 7 66 255 254 255 255 248 255 255 247 255 253 255 255 255 255 255 255 255 255 255 255 255 255 255 255 255 255 255 255 255 255 255 255 255 255 255 253 254 255 255 255 255 255 253 253 255 247 22 4 0 189 255
255 255 224 3 0 0 215 255 249 255 255 245 255 255 255 255 255 255 255 255 255 255 255 255 255 255 255 255 255 255 255 255 255 255 255 255 255 255 255 255 253 255 255 255 254 253 253 250 255 255 255 153 2 0 34 250 255
252 255 251 90 0 9 94 255 255 247 251 255 252 255 255 249 255 255 255 255 255 255 255 255 255 255 255 255 255 255 255 255 255 255 255 255 255 255 255 255 253 255 255 252 254 255 255 255 253 255 247 52 0 0 154 251 255
255 250 253 197 2 0 0 218 255 255 254 255 253 255 255 255 255 255 255 255 255 255 255 255 255 255 255 255 255 255 255 255 255 255 255 255 255 255 255 255 255 255 253 251 255 255 255 255 255 246 169 0 2 13 232 254 255
248 255 253 255 68 5 0 66 251 255 255 252 255 254 254 255 255 255 255 255 255 255 255 255 255 255 255 255 255 255 255 255 255 255 255 255 255 255 255 255 255 255 255 255 255 253 250 253 255 244 24 0 3 120 253 255 255
255 248 255 255 208 4 3 0 151 255 252 255 251 255 255 252 255 255 255 255 255 255 255 255 255 255 255 255 255 255 255 255 255 255 255 255 255 255 255 255 254 254 255 255 254 253 255 255 253 97 3 0 28 242 255 253 255
255 254 254 255 255 119 4 0 10 198 254 254 247 255 250 255 255 255 255 255 255 255 255 255 255 255 255 255 255 255 255 255 255 255 255 255 255 255 255 255 255 253 255 254 252 255 255 247 157 0 0 0 176 254 254 255 255
250 255 252 255 252 250 51 0 0 32 234 255 255 252 255 255 255 255 255 255 255 255 255 255 255 255 255 255 255 255 255 255 255 255 255 255 255 255 255 255 255 253 255 255 254 255 245 206 4 5 0 105 255 255 255 252 255
255 255 253 255 255 252 222 19 2 1 50 233 255 248 255 255 253 255 255 255 255 255 255 255 254 255 255 255 253 254 255 255 253 254 255 255 251 254 255 253 254 255 250 255 252 255 210 24 0 0 49 248 249 255 251 255 255
250 255 255 254 255 255 255 180 1 0 4 51 231 255 255 250 255 254 253 255 255 251 252 255 255 254 254 255 255 255 253 251 255 254 249 253 255 255 254 255 254 255 251 248 255 202 29 0 0 26 216 255 255 252 255 255 255
255 253 255 249 255 248 255 255 166 0 0 0 28 213 253 255 251 255 255 255 255 255 255 250 255 254 253 255 255 255 255 255 255 255 255 255 249 254 255 253 255 244 255 255 173 15 3 0 12 197 255 254 249 255 254 254 255
255 249 255 253 255 252 255 251 255 163 6 0 5 6 161 252 255 252 248 249 255 255 254 255 255 255 255 255 254 251 253 255 253 254 255 255 251 255 255 250 255 255 253 117 0 3 0 21 207 255 255 250 255 255 251 255 255
251 254 255 255 255 255 255 253 250 255 180 18 0 0 0 79 226 250 255 255 254 254 254 255 251 252 254 255 255 254 254 254 255 255 251 253 255 253 248 255 254 202 50 0 0 4 33 210 252 255 247 255 250 255 252 255 255
253 255 254 251 254 252 255 254 255 249 251 224 43 0 2 1 1 120 227 255 253 254 255 255 255 255 254 253 255 255 255 255 255 251 255 255 248 255 255 209 87 0 0 8 2 75 240 255 255 250 255 255 249 255 255 254 255
255 255 250 254 255 255 252 255 252 255 255 254 247 114 0 0 5 0 7 83 191 255 255 247 251 255 255 254 252 254 255 252 254 255 251 255 247 167 58 0 4 0 0 8 143 255 255 254 253 255 255 255 255 250 251 255 255
254 251 255 255 252 255 251 255 255 251 255 255 255 254 200 62 0 3 1 0 0 22 88 164 209 233 253 255 254 255 255 255 230 198 144 73 14 0 4 0 1 0 90 226 253 255 252 254 255 255 254 248 255 252 255 255 255
255 255 255 255 255 255 255 255 255 255 255 255 255 255 255 255 184 70 0 0 2 0 0 0 1 0 18 37 42 48 39 10 0 0 0 0 3 0 0 10 94 197 255 253 252 255 255 254 255 255 255 255 255 255 255 255 255
255 255 255 255 255 255 255 255 255 255 255 255 255 255 255 255 252 255 213 114 24 0 4 0 0 0 0 5 0 0 1 0 3 3 0 0 2 42 135 228 254 255 253 252 255 255 253 255 255 255 255 255 255 255 255 255 255
255 255 255 255 255 255 255 255 255 255 255 255 255 255 255 255 253 255 255 255 252 207 135 84 45 19 0 0 2 2 1 3 18 48 94 153 216 254 255 252 254 252 255 255 252 252 255 255 255 255 255 255 255 255 255 255 255
255 255 255 255 255 255 255 255 255 255 255 255 255 255 255 255 255 255 255 251 255 255 253 254 255 249 230 215 209 203 214 239 255 255 253 255 255 255 254 255 255 255 255 254 250 255 255 247 255 255 255 255 255 255 255 255 255
